7.303259372711182
7.3024468421936035
7.303534984588623
7.336648464202881
7.33735466003418
7.317816734313965
7.336366653442383
7.296144962310791
7.329751491546631
7.3374152183532715
7.29976749420166
7.330986976623535
7.337428569793701
7.337211608886719
7.337512493133545
7.32381010055542
7.329917907714844
7.28167724609375
7.33485221862793
7.336836814880371
7.297804355621338
7.334464073181152
7.336722373962402
7.3292717933654785
7.337060451507568
7.3229079246521
7.336462020874023
7.334488868713379
7.336417198181152
7.337353706359863
7.155592918395996
7.334096908569336
7.3365583419799805
7.337433338165283
7.3315205574035645
7.330055236816406
7.230432510375977
7.33601188659668
7.3338823318481445
7.337233066558838
7.3259382247924805
7.311207294464111
7.337315559387207
7.335633277893066
7.3374505043029785
7.236961364746094
7.182089805603027
7.324376583099365
7.3370866775512695
7.335276126861572
7.290738105773926
7.263507843017578
7.335158348083496
7.337371349334717
7.336385250091553
7.3337297439575195
7.318561553955078
7.273529052734375
7.337513446807861
7.337514877319336
7.3004937171936035
7.299045562744141
7.336195945739746
7.337333679199219
7.258573055267334
7.32765007019043
7.293883323669434
7.3208909034729
7.244945049285889
7.336542129516602
7.21638298034668
7.336577415466309
7.337005138397217
7.3372392654418945
7.3374738693237305
7.215878486633301
7.335727691650391
7.336439609527588
7.335387229919434
7.337503433227539
7.333024978637695
7.336399078369141
7.3370442390441895
7.337269306182861
7.330088138580322
7.284422874450684
7.303483486175537
7.327750205993652
7.337043285369873
7.337076663970947
7.323394775390625
7.27125883102417
7.33633279800415
7.336487770080566
7.325899124145508
7.264820575714111
7.322826385498047
7.336314678192139
7.332517623901367
7.326536178588867
7.321994781494141
7.335883140563965
7.309072494506836
7.337301254272461
7.337344169616699
7.319404602050781
7.3298797607421875
7.332365989685059
7.337035179138184
7.337536811828613
7.324749946594238
7.2984418869018555
7.323039531707764
7.336947917938232
7.33671236038208
7.191762924194336
7.288064479827881
7.3294548988342285
7.3374457359313965
7.249877452850342
7.325399875640869
7.3159074783325195
7.335489749908447
7.335339546203613
7.337477207183838
7.300617694854736
7.335546970367432
7.337210178375244
7.3375067710876465
7.3375043869018555
7.217525482177734
7.203551292419434
7.337088108062744
7.33745002746582
7.336965560913086
7.307305812835693
7.330583095550537
7.337100505828857
7.337512493133545
7.337334632873535
7.316575050354004
7.333099842071533
7.33713436126709
7.3329081535339355
7.3371195793151855
7.337587833404541
7.337587833404541
7.337587833404541
7.337587833404541
7.337587833404541
7.337587833404541
7.337587833404541
7.337587833404541
7.337587833404541
7.337587833404541
7.337587833404541
7.337587833404541
7.337587833404541
7.337587833404541
7.337587833404541
7.337587833404541
7.337587833404541
7.337587833404541
7.337587833404541
7.337587833404541
7.337587833404541
7.337587833404541
7.337587833404541
7.337587833404541
7.337587833404541
7.337587833404541
7.337587833404541
7.337587833404541
7.337587833404541
7.3333659172058105
7.333907127380371
7.32714319229126
7.337362766265869
7.286505699157715
7.320786952972412
7.334755897521973
7.336184978485107
7.336976051330566
7.22247314453125
7.232539176940918
7.336389541625977
7.336640357971191
7.333613872528076
7.3308210372924805
7.30542516708374
7.2433390617370605
7.334765911102295
7.321676254272461
7.332109451293945
7.331816673278809
7.3256449699401855
7.3369574546813965
7.197638511657715
7.321313381195068
7.329005718231201
7.334554672241211
7.33668851852417
7.335475444793701
7.322892189025879
7.320018768310547
7.336669921875
7.334567546844482
7.332878112792969
7.3359375 
7.3246355056762695
7.31702995300293
7.3270769119262695
7.3338446617126465
7.304433345794678
7.30495548248291
7.329707145690918
7.331511497497559
7.335926055908203
7.336887836456299
7.336825370788574
7.3273468017578125
7.3134636878967285
7.333823204040527
7.331340312957764
7.3363938331604
7.301691055297852
7.325049877166748
7.318327903747559
7.329641342163086
7.332891464233398
7.324339389801025
7.2924299240112305
7.328864574432373
7.336627960205078
7.334208965301514
7.333869934082031
7.336956977844238
7.334023475646973
7.333803653717041
7.322230339050293
7.33690881729126
7.316076755523682
7.280335426330566
7.293464183807373
7.337433338165283
7.326031684875488
7.307804584503174
7.3324456214904785
7.332332134246826
7.332248210906982
7.3303656578063965
7.294356822967529
7.333178997039795
7.332276821136475
7.325644493103027
7.33658504486084
7.313005447387695
7.335625648498535
7.330534934997559
7.332510948181152
7.335147857666016
7.312771797180176
7.335275173187256
7.337342262268066
7.3284173011779785
7.336793422698975
7.330801486968994
7.337129592895508
7.33720064163208
7.335762023925781
7.325606346130371
7.335148334503174
7.323491096496582
7.3224310874938965
7.334118843078613
7.334775447845459
7.328604698181152
7.226687431335449
7.303471565246582
7.334993839263916
7.305764198303223
7.336954593658447
7.333861351013184
7.32905387878418
7.336806297302246
7.334375381469727
7.328755855560303
7.325901985168457
7.327331066131592
7.244048595428467
7.255694389343262
7.306262016296387
7.331536293029785
7.2899065017700195
7.286106586456299
7.333180904388428
7.310660362243652
7.310863494873047
7.31150484085083
7.333869934082031
7.3249006271362305
7.320012092590332
7.333725929260254
7.329941272735596
7.323481559753418
7.307194232940674
7.3367695808410645
7.325623035430908
7.32989501953125
7.336179733276367
7.3371100425720215
7.295718193054199
7.300767421722412
7.3331074714660645
7.325839996337891
7.335728645324707
7.33573055267334
7.2976155281066895
7.336296558380127
7.337587833404541
7.337587833404541
7.337587833404541
7.337587833404541
7.337587833404541
7.337587833404541
7.337587833404541
7.337587833404541
7.337587833404541
7.337587833404541
7.337587833404541
7.337587833404541
7.337587833404541
7.337587833404541
7.337587833404541
7.337587833404541
7.337587833404541
7.337587833404541
7.337587833404541
7.337587833404541
7.337587833404541
7.337587833404541
7.337587833404541
7.337587833404541
7.337587833404541
7.337587833404541
7.337587833404541
7.337587833404541
7.337587833404541
7.337587833404541
7.336973667144775
7.335885047912598
7.323511123657227
7.31878137588501
7.321597576141357
7.3324055671691895
7.332930564880371
7.337587833404541
7.332761764526367
7.337587833404541
7.334778308868408
7.33348274230957
7.332372665405273
7.337229251861572
7.337587833404541
7.3279032707214355
7.336280822753906
7.337523937225342
7.337587833404541
7.335200309753418
7.337587833404541
7.33501672744751
7.337587833404541
7.337587833404541
7.337482452392578
7.332598686218262
7.316741466522217
7.326474189758301
7.3190531730651855
7.336146354675293
7.314511775970459
7.3322343826293945
7.337381839752197
7.337587833404541
7.337587833404541
7.334890842437744
7.324344635009766
7.335999011993408
7.3224287033081055
7.3356428146362305
7.3313188552856445
7.324766159057617
7.322357654571533
7.314219951629639
7.319106101989746
7.332370758056641
7.318027019500732
7.33696174621582
7.337587833404541
7.336236953735352
7.331511497497559
7.327011585235596
7.337587833404541
7.332897186279297
7.334595680236816
7.337587833404541
7.3375630378723145
7.33754825592041
7.3237504959106445
7.336874008178711
7.337539196014404
7.334475517272949
7.337587833404541
7.308385372161865
7.337587833404541
7.337587833404541
7.336158752441406
7.337540149688721
7.337587833404541
7.321693420410156
7.337587833404541
7.337587833404541
7.332302093505859
7.3374481201171875
7.337587833404541
7.337490558624268
7.335837364196777
7.315384387969971
7.336647987365723
7.333812236785889
7.337466716766357
7.332882404327393
7.337587833404541
7.336626052856445
7.314760684967041
7.337587833404541
7.325301170349121
7.337587833404541
7.337490558624268
7.332031726837158
7.334826946258545
7.337587833404541
7.33445405960083
7.337587833404541
7.335137367248535
7.337587833404541
7.33543062210083
7.33211088180542
7.337587833404541
7.337313652038574
7.337517261505127
7.33755350112915
7.332284927368164
7.337571620941162
7.331979751586914
7.3144659996032715
7.33375883102417
7.334658145904541
7.337587833404541
7.337078094482422
7.337587833404541
7.337180137634277
7.337525367736816
7.318431854248047
7.332117557525635
7.337587833404541
7.337587833404541
7.337587833404541
7.332205772399902
7.268314361572266
7.3270182609558105
7.337587833404541
7.32879114151001
7.3365864753723145
7.3371124267578125
7.31419563293457
7.337587833404541
7.336853981018066
7.332177639007568
7.337587833404541
7.336693286895752
7.331010818481445
7.337587833404541
7.298457145690918
7.334805488586426
7.32769775390625
7.322437763214111
7.337587833404541
7.337587833404541
7.337437152862549
7.330946445465088
7.331489086151123
7.321199893951416
7.337587833404541
7.327031135559082
7.337587833404541
7.337344646453857
7.334297180175781
7.337100505828857
7.337587833404541
7.319585800170898
7.337587833404541
7.310325622558594
7.298772811889648
7.319594860076904
7.337587833404541
7.3194403648376465
7.337587833404541
7.314564228057861
7.337587833404541
7.336825847625732
7.33150053024292
7.335804462432861
7.335483551025391
7.337587833404541
7.3322906494140625
7.324904441833496
7.314861297607422
7.332189559936523
7.3357133865356445
7.297868728637695
7.336644649505615
7.337237358093262
7.3049750328063965
7.335812091827393
7.29673957824707
7.33017635345459
7.303018093109131
7.337587833404541
7.294267654418945
7.330090522766113
7.337417125701904
7.337587833404541
7.3367486000061035
7.337587833404541
7.335386753082275
7.337587833404541
7.337587833404541
7.337587833404541
7.298623561859131
7.335620880126953
7.314586639404297
7.306292533874512
7.336926460266113
7.326984405517578
7.330784797668457
7.3374552726745605
7.337326526641846
7.306910991668701
7.286007881164551
7.308726787567139
7.333463191986084
7.337587833404541
7.337037086486816
7.337587833404541
7.337587833404541
7.329204559326172
7.337587833404541
7.335764408111572
7.33738374710083
7.337430000305176
7.312716484069824
7.336946964263916
7.309057712554932
7.3372416496276855
7.336248397827148
7.3140950202941895
7.315074920654297
7.316483497619629
7.323388576507568
7.336338520050049
7.337587833404541
7.337587833404541
7.2711262702941895
7.324092864990234
7.309558391571045
7.333291530609131
7.336474895477295
7.337587833404541
7.322665691375732
7.337587833404541
7.337587833404541
7.337587833404541
7.336914539337158
7.332065105438232
7.337587833404541
7.331002235412598
7.337587833404541
7.337477207183838
7.337398052215576
7.335712432861328
7.332201957702637
7.337497711181641
7.334081172943115
7.337587833404541
7.337587833404541
7.335360527038574
7.337587833404541
7.329677581787109
7.3373003005981445
7.336322784423828
7.337587833404541
7.334953784942627
7.337587833404541
7.3245415687561035
7.337517738342285
7.337587833404541
7.335691452026367
7.333745956420898
7.337587833404541
7.325935363769531
7.330570697784424
7.331423282623291
7.337159156799316
7.3328142166137695
7.337298393249512
7.326645851135254
7.337587833404541
7.335248947143555
7.335101127624512
7.33511209487915
7.325532913208008
7.334360122680664
7.337587833404541
7.335009574890137
7.332153797149658
7.336162567138672
7.337587833404541
7.337172985076904
7.337587833404541
7.336226940155029
7.335506439208984
7.337477684020996
7.337378978729248
7.335389137268066
7.334301948547363
7.3371968269348145
7.330570697784424
7.33601188659668
7.3374223709106445
7.332273006439209
7.337587833404541
7.336711406707764
7.337587833404541
7.3344197273254395
7.337456703186035
7.336684226989746
7.337343692779541
7.33344030380249
7.337305545806885
7.33339262008667
7.337587833404541
7.33167028427124
7.325532913208008
7.3194379806518555
7.324208736419678
7.334839344024658
7.337587833404541
7.336698532104492
7.335248947143555
7.327426910400391
7.334582805633545
7.337587833404541
7.337587833404541
7.335577487945557
7.335248947143555
7.329677581787109
7.330488204956055
7.325117111206055
7.337256908416748
7.337587833404541
7.337531566619873
7.3374342918396
7.33690071105957
7.333676338195801
7.317337989807129
7.337216377258301
7.336695194244385
7.335348129272461
7.324208736419678
7.336432456970215
7.337474346160889
7.336455821990967
7.332955837249756
7.337587833404541
7.336194038391113
7.335560321807861
7.337587833404541
7.337587833404541
7.337587833404541
7.337587833404541
7.337426662445068
7.33707857131958
7.337587833404541
7.336075305938721
7.337305545806885
7.335395812988281
7.337587833404541
7.337587833404541
7.296907424926758
7.337587833404541
7.296379089355469
7.308175563812256
7.33444881439209
7.323456764221191
7.337225437164307
7.296901702880859
7.337231636047363
7.337587833404541
7.329645156860352
7.337064743041992
7.337587833404541
7.3367533683776855
7.255560874938965
7.337587833404541
7.337587833404541
7.337220668792725
7.337587833404541
7.337252140045166
7.337408065795898
7.285884380340576
7.337029457092285
7.282701015472412
7.274136066436768
7.327882766723633
7.336858749389648
7.33740234375
7.3332319259643555
7.337587833404541
7.267444610595703
7.337587833404541
7.332407474517822
7.33727502822876
7.337587833404541
7.296379089355469
7.282701015472412
7.297162055969238
7.324654579162598
7.336924076080322
7.256959438323975
7.33326530456543
7.300100326538086
7.31926155090332
7.3373870849609375
7.337587833404541
7.3040900230407715
7.33726167678833
7.337587833404541
7.337587833404541
7.3361735343933105
7.3278937339782715
7.287094593048096
7.298612117767334
7.336966514587402
7.337587833404541
7.308175563812256
7.323979377746582
7.337587833404541
7.295468807220459
7.297767162322998
7.335124969482422
7.30530309677124
7.30530309677124
7.305087089538574
7.337587833404541
7.337587833404541
7.337587833404541
7.319909572601318
7.337587833404541
7.335719108581543
7.306328296661377
7.282578468322754
7.300100326538086
7.336877822875977
7.282589912414551
7.329699516296387
7.299320220947266
7.337587833404541
7.3366498947143555
7.321505069732666
7.323876857757568
7.337457180023193
7.322246551513672
7.337587833404541
7.3040900230407715
7.291215896606445
7.337587833404541
7.337587833404541
7.308959007263184
7.337234020233154
7.298694610595703
7.336801052093506
7.286679744720459
7.258211612701416
7.337587833404541
7.285009384155273
7.258211612701416
7.337587833404541
7.285884380340576
7.337587833404541
7.336450099945068
7.337114334106445
7.337587833404541
7.3371429443359375
7.330799579620361
7.297767162322998
7.3372483253479
7.304731845855713
7.282578468322754
7.3362016677856445
7.323427200317383
7.336058139801025
7.221214771270752
7.337207317352295
7.336524486541748
7.3159918785095215
7.3372063636779785
7.330535411834717
7.335937023162842
7.337311744689941
7.330917835235596
7.337467670440674
7.337368488311768
7.275064468383789
7.335553169250488
7.331633567810059
7.337020397186279
7.337421894073486
7.210171699523926
7.325393199920654
7.336104869842529
7.231276512145996
7.23257303237915
7.326437473297119
7.329595565795898
7.3330793380737305
7.330552101135254
7.3030548095703125
7.33650541305542
7.336535930633545
7.324819087982178
7.226889133453369
7.258173942565918
7.336167335510254
7.324369430541992
7.336202621459961
7.326570987701416
7.313173770904541
7.335172653198242
7.20822811126709
7.19973087310791
7.33737850189209
7.299933433532715
7.337179660797119
7.33646297454834
7.192401885986328
7.337086200714111
7.320348739624023
7.302028656005859
7.3139238357543945
7.218778610229492
7.281878471374512
7.337400913238525
7.335270404815674
7.336476802825928
7.233985900878906
7.202759265899658
7.3374834060668945
7.217923164367676
7.308112621307373
7.329678535461426
7.336540699005127
7.337364196777344
7.326236248016357
7.238268852233887
7.333446502685547
7.334311008453369
7.326915740966797
7.336219310760498
7.317903995513916
7.33527135848999
7.311923503875732
7.330016613006592
7.3374762535095215
7.337346076965332
7.230399131774902
7.337384223937988
7.330369472503662
7.23394250869751
7.337312698364258
7.336738586425781
7.316640853881836
7.336207866668701
7.337366104125977
7.32918643951416
7.19580602645874
7.336242198944092
7.325184345245361
7.335371017456055
7.311073303222656
7.319981098175049
7.318524360656738
7.224888324737549
7.337263107299805
7.324038982391357
7.3086018562316895
7.337431907653809
7.337508201599121
7.336245536804199
7.337446689605713
7.335821628570557
7.3373308181762695
7.2283124923706055
7.240159034729004
7.306417942047119
7.336527347564697
7.3292670249938965
7.331318378448486
7.331141948699951
7.335525989532471
7.325007915496826
7.224516868591309
7.336533069610596
7.32462739944458
7.309089660644531
7.336087703704834
7.336361408233643
7.324341297149658
7.307127475738525
7.315308094024658
7.323202610015869
7.316805362701416
7.325967311859131
7.337366104125977
7.324089050292969
7.337479591369629
7.319728374481201
7.317899703979492
7.318796157836914
7.263240337371826
7.33616828918457
7.337345123291016
7.309959888458252
7.310147762298584
7.249057769775391
7.213690757751465
7.337212085723877
7.327256679534912
7.327173709869385
7.324155330657959
7.337080001831055
7.321418285369873
7.320923328399658
7.209406852722168
7.337587833404541
7.337587833404541
7.337587833404541
7.337587833404541
7.337587833404541
7.337587833404541
7.337587833404541
7.337587833404541
7.337587833404541
7.337587833404541
7.337587833404541
7.337587833404541
7.337587833404541
7.337587833404541
7.337587833404541
7.337587833404541
7.337587833404541
7.337587833404541
7.337587833404541
7.337587833404541
7.337587833404541
7.337587833404541
7.337587833404541
7.337587833404541
7.337587833404541
7.337587833404541
7.337587833404541
7.337587833404541
7.337587833404541
