7.326201915740967
7.333865642547607
7.336503028869629
7.337045669555664
7.330226421356201
7.334680557250977
7.336678981781006
7.337110996246338
7.329139709472656
7.33288049697876
7.336562633514404
7.337048053741455
7.325267314910889
7.332631587982178
7.336548805236816
7.337142467498779
7.3201680183410645
7.329372406005859
7.336514949798584
7.337167263031006
7.33305025100708
7.335672378540039
7.3368120193481445
7.3372015953063965
7.331892967224121
7.335564136505127
7.3368611335754395
7.337225914001465
7.331286430358887
7.3352179527282715
7.336776256561279
7.337259292602539
7.327480316162109
7.331742286682129
7.335895538330078
7.336960792541504
7.327231407165527
7.334609031677246
7.336787223815918
7.3372321128845215
7.334160327911377
7.332945823669434
7.335172176361084
7.334174156188965
7.336925506591797
7.33661413192749
7.337250709533691
7.337311267852783
7.333863735198975
7.333861351013184
7.33530330657959
7.335703372955322
7.336371898651123
7.336702346801758
7.337093353271484
7.337159156799316
7.335289478302002
7.336398124694824
7.337060928344727
7.337372303009033
7.33309268951416
7.334569931030273
7.336320400238037
7.337169647216797
7.335089683532715
7.332521438598633
7.336163520812988
7.334475517272949
7.337167263031006
7.3369855880737305
7.337298393249512
7.337240695953369
7.335710048675537
7.335872173309326
7.3369951248168945
7.337076663970947
7.337307929992676
7.337307453155518
7.337423801422119
7.337425231933594
7.334331512451172
7.33625602722168
7.337019443511963
7.33728551864624
7.330596446990967
7.334277629852295
7.336602687835693
7.337118625640869
7.334929466247559
7.336240291595459
7.336836814880371
7.337328910827637
7.335790157318115
7.336740016937256
7.337287902832031
7.337377071380615
7.3320159912109375
7.334522724151611
7.336688041687012
7.337186336517334
7.326620101928711
7.332683086395264
7.336365222930908
7.337093830108643
7.319140434265137
7.330860614776611
7.3352580070495605
7.336823463439941
7.333201885223389
7.336228370666504
7.337353706359863
7.337469100952148
7.3271965980529785
7.333383083343506
7.335812568664551
7.336917877197266
7.318088054656982
7.331007480621338
7.334680080413818
7.336786270141602
7.329068660736084
7.335088729858398
7.336442470550537
7.337165832519531
7.325645923614502
7.332833290100098
7.335880279541016
7.3368964195251465
7.3357157707214355
7.336886405944824
7.337411880493164
7.3375091552734375
7.332271575927734
7.333085536956787
7.333775520324707
7.335298538208008
7.336562156677246
7.337037563323975
7.337051868438721
7.3373308181762695
7.334766387939453
7.3351593017578125
7.336413860321045
7.3364338874816895
7.3369574546813965
7.337138652801514
7.33725643157959
7.337275505065918
7.334609031677246
7.33510160446167
7.3361616134643555
7.336145401000977
7.337154388427734
7.337093830108643
7.337285041809082
7.3372802734375
7.335543155670166
7.336752414703369
7.33723258972168
7.33738374710083
7.335031986236572
7.332980632781982
7.336259841918945
7.334854602813721
7.337165355682373
7.3370442390441895
7.337312698364258
7.337315082550049
7.334455490112305
7.3340349197387695
7.335821151733398
7.335683345794678
7.336903095245361
7.336728096008301
7.3373565673828125
7.337314128875732
7.330838203430176
7.332747936248779
7.3337721824646
7.33512020111084
7.3362956047058105
7.336494445800781
7.337100982666016
7.337056636810303
7.335110664367676
7.333788871765137
7.336440086364746
7.336087226867676
7.337092399597168
7.33695125579834
7.337350368499756
7.337270736694336
7.332079887390137
7.335078239440918
7.336575508117676
7.33712911605835
7.333569526672363
7.331228256225586
7.335841178894043
7.333707332611084
7.336909294128418
7.336153030395508
7.337096691131592
7.33685827255249
7.325575828552246
7.331978797912598
7.33515739440918
7.336810111999512
7.328310489654541
7.333578586578369
7.335976600646973
7.336817741394043
7.33349084854126
7.335932731628418
7.337167739868164
7.3374223709106445
7.315216064453125
7.327656269073486
7.335328102111816
7.33671760559082
7.323678493499756
7.33298397064209
7.3364152908325195
7.337085247039795
7.327574729919434
7.331986904144287
7.335127830505371
7.337089538574219
7.331027030944824
7.3348708152771
7.336598873138428
7.337071418762207
7.322218418121338
7.331579208374023
7.335499286651611
7.336712837219238
7.325605392456055
7.331029415130615
7.335473537445068
7.336557388305664
7.325639724731445
7.331622123718262
7.334409713745117
7.336142063140869
7.327181816101074
7.333311557769775
7.336399078369141
7.336935043334961
7.330678462982178
7.334251880645752
7.336287498474121
7.336964130401611
7.325037002563477
7.3313798904418945
7.336053371429443
7.336782932281494
7.3336710929870605
7.335658550262451
7.33706521987915
7.3373589515686035
7.334425926208496
7.336372375488281
7.336883544921875
7.337291717529297
7.334565162658691
7.334988117218018
7.3357038497924805
7.336226940155029
7.336895942687988
7.337007999420166
7.337373733520508
7.337325096130371
7.335177421569824
7.334773063659668
7.335866451263428
7.336104393005371
7.337082862854004
7.337193489074707
7.337319850921631
7.337414741516113
7.335442543029785
7.3365020751953125
7.337258338928223
7.337376594543457
7.334838390350342
7.335888385772705
7.336280822753906
7.336903095245361
7.336949348449707
7.33720064163208
7.337257385253906
7.337337493896484
7.331986904144287
7.334885597229004
7.336667537689209
7.337004661560059
7.329437732696533
7.333754539489746
7.335925579071045
7.337115287780762
7.3335795402526855
7.335340976715088
7.336668014526367
7.337202072143555
7.325434684753418
7.33110237121582
7.334847927093506
7.336636066436768
7.328884124755859
7.33340311050415
7.33616828918457
7.337116241455078
7.326366424560547
7.33286190032959
7.335671424865723
7.336791038513184
7.328997611999512
7.333554744720459
7.336324691772461
7.337033748626709
7.33206844329834
7.335575103759766
7.336977958679199
7.337336540222168
7.330091953277588
7.334577560424805
7.336659908294678
7.337118625640869
7.333683967590332
7.332212448120117
7.33527946472168
7.335076808929443
7.336882591247559
7.336781978607178
7.337272644042969
7.337216377258301
7.335055351257324
7.335913181304932
7.336845874786377
7.336703300476074
7.337203025817871
7.3372602462768555
7.337357997894287
7.3373703956604
7.332294464111328
7.334450721740723
7.336121082305908
7.337011337280273
7.335360527038574
7.334156513214111
7.336307048797607
7.336226940155029
7.336955547332764
7.33701753616333
7.337408065795898
7.337385177612305
7.334815979003906
7.334290504455566
7.335959434509277
7.335943698883057
7.33694314956665
7.336984634399414
7.337365627288818
7.337380886077881
7.335506916046143
7.334640026092529
7.335937023162842
7.335997581481934
7.336820602416992
7.33698034286499
7.337326526641846
7.337348937988281
7.333381652832031
7.335154056549072
7.335409641265869
7.336522102355957
7.336808204650879
7.337173938751221
7.337193489074707
7.337343215942383
7.329854488372803
7.330699920654297
7.335389137268066
7.335470199584961
7.336716175079346
7.336726188659668
7.337039470672607
7.337079048156738
7.335123538970947
7.33596134185791
7.3367719650268555
7.33681583404541
7.33722448348999
7.33727502822876
7.337344646453857
7.337409973144531
7.335548400878906
7.336819171905518
7.337279796600342
7.337408542633057
7.335883617401123
7.33680534362793
7.3372111320495605
7.337311744689941
7.33232307434082
7.335196018218994
7.336831569671631
7.337194442749023
7.334870338439941
7.334489822387695
7.336596488952637
7.336518287658691
7.337124824523926
7.337208271026611
7.33736515045166
7.337307453155518
7.324994087219238
7.331577301025391
7.336067199707031
7.336726188659668
7.326262950897217
7.3336358070373535
7.336399078369141
7.33690071105957
7.3229827880859375
7.330887317657471
7.33601188659668
7.33716344833374
7.32826042175293
7.332271099090576
7.336193084716797
7.336948394775391
7.332668304443359
7.334411144256592
7.336727142333984
7.337216377258301
7.327302932739258
7.331157207489014
7.335831165313721
7.336938858032227
7.329255104064941
7.332340717315674
7.336555480957031
7.337025165557861
7.316705226898193
7.328179359436035
7.333853244781494
7.336631774902344
7.333039283752441
7.335526466369629
7.336567401885986
7.337218761444092
7.328790664672852
7.333352088928223
7.336475849151611
7.337006568908691
7.32548713684082
7.329146385192871
7.335417747497559
7.336601734161377
7.328795433044434
7.332017421722412
7.335385322570801
7.33712100982666
7.336119651794434
7.3343000411987305
7.337027549743652
7.335969924926758
7.337295055389404
7.336549282073975
7.337424278259277
7.336999416351318
7.332377910614014
7.336124897003174
7.3370890617370605
7.337298393249512
7.335978984832764
7.336893558502197
7.337324142456055
7.337448596954346
7.3352580070495605
7.334504127502441
7.336375713348389
7.336326599121094
7.336913585662842
7.337087631225586
7.337313175201416
7.337319374084473
7.333662509918213
7.328454494476318
7.335872173309326
7.334417343139648
7.337078094482422
7.33676290512085
7.337307929992676
7.337151527404785
7.334420204162598
7.333535194396973
7.336483478546143
7.335981845855713
7.336751461029053
7.336751461029053
7.337345600128174
7.337305068969727
7.335784912109375
7.335792064666748
7.336696147918701
7.3368401527404785
7.3373494148254395
7.337251663208008
7.337472915649414
7.337438106536865
7.324703693389893
7.333303451538086
7.336543083190918
7.3372673988342285
7.318138599395752
7.3274688720703125
7.332658767700195
7.336355686187744
7.327056884765625
7.332249164581299
7.335570812225342
7.336940288543701
7.326254367828369
7.332612037658691
7.335116386413574
7.337016582489014
7.313751220703125
7.328609943389893
7.334133148193359
7.33689546585083
7.301756381988525
7.323624134063721
7.335987091064453
7.337170600891113
7.325826168060303
7.331995964050293
7.335677146911621
7.337062358856201
7.3266801834106445
7.334176540374756
7.336596488952637
7.337262153625488
7.324879169464111
7.333495140075684
7.335998058319092
7.336917400360107
7.312658786773682
7.325599193572998
7.333441257476807
7.3367486000061035
7.320506572723389
7.331523418426514
7.335715293884277
7.337059497833252
7.32866096496582
7.32384729385376
7.334839344024658
7.332883834838867
7.336761474609375
7.336124897003174
7.337268829345703
7.337132453918457
7.3290910720825195
7.328628063201904
7.333022117614746
7.332462310791016
7.334725379943848
7.334814548492432
7.335770130157471
7.336463451385498
7.32682991027832
7.333273410797119
7.33657169342041
7.337325096130371
7.3219499588012695
7.330249786376953
7.335375785827637
7.336997032165527
7.331991672515869
7.323899745941162
7.335472583770752
7.332388401031494
7.337072372436523
7.336282253265381
7.3374128341674805
7.337319374084473
7.331240177154541
7.3327813148498535
7.335500240325928
7.335573196411133
7.336760997772217
7.336567401885986
7.33735990524292
7.337128162384033
7.329004764556885
7.334327220916748
7.336531162261963
7.337255477905273
7.301059722900391
7.315123558044434
7.335891246795654
7.337209224700928
7.328577995300293
7.333021640777588
7.3348388671875
7.336370944976807
7.331968307495117
7.3352742195129395
7.336679458618164
7.337179660797119
7.323788166046143
7.332285404205322
7.335904121398926
7.337250709533691
7.317880153656006
7.3289794921875
7.335153579711914
7.337031364440918
7.310400485992432
7.32952356338501
7.335551738739014
7.337113380432129
7.326944351196289
7.333837985992432
7.336948394775391
7.337385177612305
7.322516918182373
7.328920841217041
7.335240364074707
7.337130069732666
7.306400299072266
7.324770927429199
7.335193157196045
7.3370256423950195
7.32430362701416
7.3318772315979
7.335714340209961
7.336920738220215
7.315303325653076
7.32741641998291
7.3336052894592285
7.336585998535156
7.328210353851318
7.334616184234619
7.336419582366943
7.337277889251709
7.326013565063477
7.327438831329346
7.3294782638549805
7.331258296966553
7.334244728088379
7.333639621734619
7.335870742797852
7.336573600769043
7.32660436630249
7.328161716461182
7.333640098571777
7.333515644073486
7.335954189300537
7.335677146911621
7.336953163146973
7.336967468261719
7.330854415893555
7.331507205963135
7.334892272949219
7.335404396057129
7.33667516708374
7.336632251739502
7.337152004241943
7.3371405601501465
7.331375598907471
7.334558010101318
7.336341381072998
7.336905479431152
7.329768657684326
7.323202610015869
7.3343915939331055
7.331255912780762
7.336470127105713
7.334294319152832
7.3371052742004395
7.336029052734375
7.32618522644043
7.326907634735107
7.331468105316162
7.33168363571167
7.334084987640381
7.333946228027344
7.336521625518799
7.336427688598633
7.325901031494141
7.326152324676514
7.331756591796875
7.331816673278809
7.335799694061279
7.334565162658691
7.336836814880371
7.336545467376709
7.331573963165283
7.324225425720215
7.334502696990967
7.330131530761719
7.336252212524414
7.33397912979126
7.337038040161133
7.336909294128418
7.324374198913574
7.329195022583008
7.332164764404297
7.336298942565918
7.327617168426514
7.320603847503662
7.332636833190918
7.32625675201416
7.335023880004883
7.330008029937744
7.336740493774414
7.33391809463501
7.300487995147705
7.318248748779297
7.331112384796143
7.336882591247559
7.323124885559082
7.332277774810791
7.335839748382568
7.337153911590576
7.330204486846924
7.334761619567871
7.33660888671875
7.33712911605835
7.302183151245117
7.322568416595459
7.333001613616943
7.336660861968994
7.318022727966309
7.33342981338501
7.336635112762451
7.337338447570801
7.3162031173706055
7.327315807342529
7.334306240081787
7.336985111236572
7.318127155303955
7.329347610473633
7.3341383934021
7.336528778076172
7.319723129272461
7.329711437225342
7.3350629806518555
7.337002754211426
7.317673683166504
7.328763008117676
7.335205078125
7.3367228507995605
7.311199188232422
7.3230767250061035
7.329675674438477
7.334850311279297
7.32395076751709
7.3333964347839355
7.336073398590088
7.33721399307251
7.326357364654541
7.3337016105651855
7.336514949798584
7.337274074554443
7.323318958282471
7.331954479217529
7.33574914932251
7.336957931518555
7.328820705413818
7.334328651428223
7.336716175079346
7.337357521057129
7.3312602043151855
7.335237979888916
7.336797714233398
7.337338447570801
7.331291675567627
7.328625679016113
7.335626125335693
7.334929466247559
7.336799621582031
7.336404800415039
7.337237358093262
7.337192535400391
7.326600551605225
7.3274827003479
7.333166122436523
7.3344035148620605
7.336116790771484
7.336122035980225
7.336960315704346
7.337196350097656
7.32807731628418
7.333950996398926
7.336466312408447
7.337151527404785
7.3342695236206055
7.334506034851074
7.336304187774658
7.335314750671387
7.337014198303223
7.336760520935059
7.337310791015625
7.337113857269287
7.327108383178711
7.331592559814453
7.334359169006348
7.33697509765625
7.322764873504639
7.329098224639893
7.334554672241211
7.336956024169922
7.3273444175720215
7.332866668701172
7.335865497589111
7.337021827697754
7.316122055053711
7.326380729675293
7.334439754486084
7.3368988037109375
7.323692321777344
7.332634925842285
7.336057662963867
7.3371100425720215
7.316704273223877
7.329054832458496
7.334233283996582
7.336852550506592
7.31995153427124
7.3303070068359375
7.335464000701904
7.33711051940918
7.324005603790283
7.33122444152832
7.335499286651611
7.3370361328125
7.318492412567139
7.333566188812256
7.335975646972656
7.337123870849609
7.323233127593994
7.317065238952637
7.331262111663818
7.32680082321167
7.335530757904053
7.333199501037598
7.3371453285217285
7.336733341217041
7.329690456390381
7.32120418548584
7.334681510925293
7.333438396453857
7.33643102645874
7.335757732391357
7.3371901512146
7.337127685546875
7.322405815124512
7.329224586486816
7.3316650390625
7.335058689117432
7.330145359039307
7.330297946929932
7.333148002624512
7.333465099334717
7.335694313049316
7.33577823638916
7.337007999420166
7.337188720703125
7.328647136688232
7.329047203063965
7.33301305770874
7.331608295440674
7.334558010101318
7.333587646484375
7.336580276489258
7.336696624755859
7.329931259155273
7.328490734100342
7.334442615509033
7.331748008728027
7.335600852966309
7.334283351898193
7.33696985244751
7.336659908294678
7.329736232757568
7.333179950714111
7.3349103927612305
7.33638858795166
7.336819648742676
7.336994171142578
7.3373870849609375
7.3373003005981445
7.315030574798584
7.299535751342773
7.331700801849365
7.328427314758301
7.336233139038086
7.335793972015381
7.337224960327148
7.337066650390625
7.3329267501831055
7.3341217041015625
7.335300922393799
7.33584451675415
7.3369903564453125
7.3368635177612305
7.337352752685547
7.337244987487793
7.327779769897461
7.333951950073242
7.336428165435791
7.3372368812561035
7.330246925354004
7.334438800811768
7.336113452911377
7.337097644805908
7.32570219039917
7.3316240310668945
7.3347673416137695
7.336667060852051
7.330033779144287
7.32760763168335
7.3349456787109375
7.331801891326904
7.336509704589844
7.335479259490967
7.337177276611328
7.336826801300049
7.322963714599609
7.331640720367432
7.334986686706543
7.3367085456848145
7.318638801574707
7.330719470977783
7.33551025390625
7.337043762207031
7.310792922973633
7.3213887214660645
7.331508159637451
7.336218357086182
7.32538366317749
7.332322120666504
7.335338115692139
7.337083339691162
7.3253374099731445
7.332927703857422
7.335602760314941
7.337100982666016
7.316731929779053
7.324377059936523
7.330137252807617
7.335302829742432
7.307499408721924
7.321768283843994
7.329705715179443
7.335527420043945
7.299057960510254
7.316443920135498
7.329860210418701
7.336021900177002
7.326810359954834
7.333052158355713
7.335888862609863
7.33685827255249
7.3215413093566895
7.332411766052246
7.336047172546387
7.337130069732666
7.313758850097656
7.324134349822998
7.330087184906006
7.335062026977539
7.320032119750977
7.32844352722168
7.333804130554199
7.336696624755859
7.333804607391357
7.331908702850342
7.335606575012207
7.333909034729004
7.336726665496826
7.3352885246276855
7.337271213531494
7.336174011230469
7.321377754211426
7.332275390625
7.335954189300537
7.337170124053955
7.333161354064941
7.335160732269287
7.336732864379883
7.337305068969727
7.327297210693359
7.324680328369141
7.33278226852417
7.332357406616211
7.336399078369141
7.335346221923828
7.33725118637085
7.336812496185303
7.326869964599609
7.324772357940674
7.333990573883057
7.3350067138671875
7.336644172668457
7.337082386016846
7.337301254272461
7.337393283843994
7.328102111816406
7.325887203216553
7.332274913787842
7.32967472076416
7.334712982177734
7.332359313964844
7.336556434631348
7.335413455963135
7.335517883300781
7.331357955932617
7.336901664733887
7.335236072540283
7.337261199951172
7.3365583419799805
7.3374786376953125
7.337333679199219
7.2766242027282715
7.309892177581787
7.335775375366211
7.337339401245117
7.303073883056641
7.324393272399902
7.332696914672852
7.336287498474121
7.2786712646484375
7.309216022491455
7.329871654510498
7.335890769958496
7.277756690979004
7.306760787963867
7.32819938659668
7.3345513343811035
7.277719974517822
7.305091857910156
7.327580451965332
7.333491802215576
7.257555961608887
7.30966329574585
7.3294358253479
7.335647106170654
7.303588390350342
7.321429252624512
7.3315839767456055
7.335631847381592
7.304593563079834
7.322329998016357
7.332145690917969
7.335555076599121
7.275127410888672
7.311199188232422
7.332436561584473
7.336185932159424
7.301002025604248
7.313170433044434
7.326828479766846
7.333413124084473
7.25966739654541
7.315692901611328
7.3322014808654785
7.33624792098999
7.318888187408447
7.3151397705078125
7.331901550292969
7.32924222946167
7.333721160888672
7.333218574523926
7.335817813873291
7.335539817810059
7.310746192932129
7.311146259307861
7.330717086791992
7.330943584442139
7.335033893585205
7.3354597091674805
7.336329936981201
7.336730480194092
7.324875831604004
7.331230163574219
7.335240364074707
7.336685657501221
7.316201686859131
7.329883575439453
7.333623886108398
7.335445404052734
7.319511890411377
7.3148956298828125
7.332599639892578
7.330530643463135
7.334961414337158
7.334589004516602
7.336504936218262
7.335570812225342
7.320766925811768
7.316723346710205
7.332762241363525
7.332982063293457
7.335896968841553
7.33632230758667
7.337001323699951
7.33712100982666
7.324259281158447
7.333199501037598
7.335290908813477
7.336200714111328
7.294101238250732
7.309689521789551
7.327363014221191
7.334011554718018
7.3195109367370605
7.332205295562744
7.335834503173828
7.336733341217041
7.324005126953125
7.333664894104004
7.3362650871276855
7.337139129638672
7.306713581085205
7.321094989776611
7.3308587074279785
7.3353776931762695
7.28665828704834
7.314739227294922
7.331660747528076
7.335486888885498
7.284167766571045
7.297945022583008
7.320462703704834
7.330786228179932
7.3030009269714355
7.325133800506592
7.334044933319092
7.336137771606445
7.28981351852417
7.310470104217529
7.325274467468262
7.3318190574646
7.292837619781494
7.310023307800293
7.321804523468018
7.332083225250244
7.301811695098877
7.319120407104492
7.33027458190918
7.335799694061279
7.283966064453125
7.303089618682861
7.325600624084473
7.3339080810546875
7.310811996459961
7.327280044555664
7.335315227508545
7.337038516998291
7.319098949432373
7.3208746910095215
7.330298900604248
7.33029842376709
7.3332200050354
7.3336710929870605
7.335540771484375
7.336123466491699
7.3036346435546875
7.314763069152832
7.330610275268555
7.331197261810303
7.33441686630249
7.33505916595459
7.33620548248291
7.336263656616211
7.323223114013672
7.323376178741455
7.333605766296387
7.332311630249023
7.335573196411133
7.335103511810303
7.336681365966797
7.336562156677246
7.3211822509765625
7.333601474761963
7.336370468139648
7.337141036987305
7.322566509246826
7.30910062789917
7.33195686340332
7.326653957366943
7.3349809646606445
7.332199573516846
7.336669921875
7.335638523101807
7.323064804077148
7.318976402282715
7.334238529205322
7.333921909332275
7.335617542266846
7.336336135864258
7.33682107925415
7.336899757385254
7.319546222686768
7.312502861022949
7.330423355102539
7.332080364227295
7.331954002380371
7.334659099578857
7.33426570892334
7.336414813995361
7.319614410400391
7.299672603607178
7.331507205963135
7.329018592834473
7.3353424072265625
7.335163593292236
7.336505889892578
7.336478233337402
7.3147807121276855
7.3304901123046875
7.332911491394043
7.335017681121826
7.320564270019531
7.312079906463623
7.329233169555664
7.323245048522949
7.332634925842285
7.330341339111328
7.335297584533691
7.333188056945801
7.294832706451416
7.314917087554932
7.32731294631958
7.333493232727051
7.296962738037109
7.312394618988037
7.327178478240967
7.334226131439209
7.304849624633789
7.328271389007568
7.334080696105957
7.336343288421631
7.275132179260254
7.298702716827393
7.321840286254883
7.3339128494262695
7.255437850952148
7.299444675445557
7.324278831481934
7.33381462097168
7.296379089355469
7.3142218589782715
7.33130407333374
7.335719585418701
7.289526462554932
7.3215179443359375
7.332643032073975
7.335890769958496
7.287319183349609
7.303020000457764
7.3221354484558105
7.332326889038086
7.300450801849365
7.318144798278809
7.33012580871582
7.334423065185547
7.299312591552734
7.313990592956543
7.327162265777588
7.33450984954834
7.302619457244873
7.316774845123291
7.330573558807373
7.335855007171631
7.287698745727539
7.316083908081055
7.3293938636779785
7.335100173950195
7.296762943267822
7.314849376678467
7.330256938934326
7.335742950439453
7.319969177246094
7.332971096038818
7.335129737854004
7.33669376373291
7.319077491760254
7.328951835632324
7.3334784507751465
7.33590030670166
7.321222305297852
7.317281723022461
7.330048084259033
7.331120014190674
7.33422327041626
7.334985256195068
7.3365912437438965
7.336826801300049
7.315253257751465
7.314560890197754
7.331871509552002
7.326963901519775
7.335136890411377
7.334451675415039
7.33646821975708
7.336572170257568
7.317849159240723
7.331418514251709
7.3353962898254395
7.336880207061768
7.3081231117248535
7.322786331176758
7.329713344573975
7.33311128616333
7.334993362426758
7.33606481552124
7.335072994232178
7.337050437927246
7.304948806762695
7.326947212219238
7.332214832305908
7.334812641143799
7.312707424163818
7.330092430114746
7.331050395965576
7.334563255310059
7.301288604736328
7.321489334106445
7.332536697387695
7.335983753204346
7.2839813232421875
7.318353652954102
7.329969882965088
7.334325790405273
7.295815944671631
7.325015068054199
7.331888675689697
7.334815502166748
7.304839134216309
7.312335968017578
7.324449062347412
7.331335067749023
7.278648376464844
7.309175491333008
7.327488899230957
7.332982540130615
7.298649311065674
7.321476459503174
7.33253812789917
7.335941314697266
7.279621601104736
7.311795234680176
7.330526828765869
7.335665702819824
7.316166400909424
7.309966087341309
7.328444957733154
7.32547664642334
7.3337273597717285
7.333115577697754
7.336103916168213
7.335649013519287
7.317464351654053
7.314630508422852
7.332453727722168
7.331728935241699
7.33612060546875
7.336174964904785
7.3369927406311035
7.337064743041992
7.317991256713867
7.329916477203369
7.3336100578308105
7.335943222045898
7.305950164794922
7.3139495849609375
7.330418109893799
7.329233169555664
7.335625648498535
7.333947658538818
7.3367743492126465
7.3362135887146
7.316141128540039
7.311884880065918
7.333040714263916
7.331483364105225
7.335813522338867
7.3360161781311035
7.337080001831055
7.336984157562256
7.311548709869385
7.316747665405273
7.331376552581787
7.3287529945373535
7.334988594055176
7.334929943084717
7.3363776206970215
7.336662292480469
7.3230180740356445
7.326205730438232
7.3317036628723145
7.331634998321533
7.33270788192749
7.33379602432251
7.335631370544434
7.336771488189697
7.307261943817139
7.2989044189453125
7.324726104736328
7.320335388183594
7.332158088684082
7.329635143280029
7.335354804992676
7.335455417633057
7.321834087371826
7.318351745605469
7.33368444442749
7.332594394683838
7.3357415199279785
7.33635950088501
7.336804389953613
7.337129592895508
7.322689533233643
7.333022594451904
7.336043834686279
7.336897850036621
7.315731048583984
7.33317756652832
7.336245536804199
7.337031841278076
7.30149507522583
7.324321269989014
7.33270788192749
7.3355326652526855
7.319839000701904
7.323002338409424
7.333035469055176
7.332202911376953
7.335075378417969
7.334877014160156
7.33665132522583
7.336639881134033
7.284860610961914
7.3054351806640625
7.3263654708862305
7.334238529205322
7.2881340980529785
7.317279815673828
7.328649997711182
7.334417819976807
7.286555767059326
7.314222812652588
7.326539039611816
7.33477783203125
7.293147087097168
7.3141303062438965
7.328052043914795
7.3346147537231445
7.292664051055908
7.320580005645752
7.3334479331970215
7.336512088775635
7.266038417816162
7.303511619567871
7.326972007751465
7.333957195281982
7.290423393249512
7.311636924743652
7.331039905548096
7.335341453552246
7.279332637786865
7.297367572784424
7.312777519226074
7.326443672180176
7.296283721923828
7.32035493850708
7.332513809204102
7.336000919342041
7.291564464569092
7.322416305541992
7.331864356994629
7.335247993469238
7.294013500213623
7.315376281738281
7.324724197387695
7.333230018615723
7.316321849822998
7.324675559997559
7.331243515014648
7.334936141967773
7.315715312957764
7.3237409591674805
7.332803726196289
7.333422660827637
7.3361968994140625
7.335121154785156
7.336978435516357
7.336197376251221
7.312311172485352
7.326555252075195
7.334427833557129
7.336584091186523
7.323197841644287
7.333247184753418
7.336097717285156
7.337070941925049
7.320802211761475
7.313088893890381
7.332225799560547
7.331698417663574
7.33457088470459
7.336043357849121
7.335957050323486
7.336937427520752
7.305678844451904
7.317864894866943
7.330141067504883
7.327467918395996
7.334652900695801
7.333333969116211
7.336630821228027
7.336278915405273
7.3199310302734375
7.3203444480896
7.330787658691406
7.331971168518066
7.335623264312744
7.336034297943115
7.336655139923096
7.336999416351318
7.322898864746094
7.320131778717041
7.330977439880371
7.333411693572998
7.3362274169921875
7.335988998413086
7.337248802185059
7.336952209472656
7.309694290161133
7.322445392608643
7.322597503662109
7.334691524505615
7.321648120880127
7.328749179840088
7.3338704109191895
7.33665657043457
7.328761100769043
7.333827495574951
7.336279392242432
7.337053298950195
7.327029228210449
7.333328723907471
7.335531711578369
7.336985111236572
7.316354274749756
7.329941272735596
7.335022926330566
7.337058067321777
7.30279016494751
7.327720642089844
7.3363566398620605
7.337273597717285
7.327133655548096
7.33250093460083
7.336163520812988
7.337217330932617
7.3269944190979
7.333430767059326
7.3362956047058105
7.337326526641846
7.325077056884766
7.334186553955078
7.336170196533203
7.337042808532715
7.3147382736206055
7.329464912414551
7.335036277770996
7.336971282958984
7.318334102630615
7.3317060470581055
7.335910320281982
7.3372087478637695
7.329941749572754
7.325751304626465
7.333233833312988
7.330684661865234
7.3363447189331055
7.335201740264893
7.3373565673828125
7.337172985076904
7.330284118652344
7.328803062438965
7.333240509033203
7.331892013549805
7.334325790405273
7.33474588394165
7.33570671081543
7.336436748504639
7.326572895050049
7.333766937255859
7.336714744567871
7.337399005889893
7.320600986480713
7.330052852630615
7.335620403289795
7.337094783782959
7.331897258758545
7.32403564453125
7.334857940673828
7.328829288482666
7.336896896362305
7.334981918334961
7.337464809417725
7.337385654449463
7.331930637359619
7.332708835601807
7.335430145263672
7.335483551025391
7.3368635177612305
7.3366007804870605
7.337377071380615
7.337223529815674
7.329578399658203
7.334917068481445
7.3365936279296875
7.337291717529297
7.309126377105713
7.327202796936035
7.332113265991211
7.3372602462768555
7.328460216522217
7.332481384277344
7.334384918212891
7.3365278244018555
7.331653594970703
7.335180282592773
7.336667060852051
7.3372392654418945
7.324451446533203
7.334453105926514
7.336493968963623
7.337351322174072
7.320744037628174
7.33109188079834
7.33557653427124
7.337094306945801
7.30769157409668
7.325009822845459
7.335195541381836
7.3373212814331055
7.326860427856445
7.3321213722229
7.334709167480469
7.337405204772949
7.32370138168335
7.331935405731201
7.336076736450195
7.337231636047363
7.307938575744629
7.320361137390137
7.331632137298584
7.337258338928223
7.325837135314941
7.333036422729492
7.336103916168213
7.3370161056518555
7.314811706542969
7.329687118530273
7.335139751434326
7.336910724639893
7.33032751083374
7.3353657722473145
7.336796283721924
7.337379455566406
7.325997352600098
7.327399253845215
7.329975605010986
7.331180572509766
7.3331403732299805
7.334024429321289
7.3357319831848145
7.33673095703125
7.327702522277832
7.328445911407471
7.333354949951172
7.333873748779297
7.3357110023498535
7.335968971252441
7.336982727050781
7.337085247039795
7.330941677093506
7.33070182800293
7.334855556488037
7.335731506347656
7.3365254402160645
7.3366923332214355
7.33718204498291
7.33715295791626
7.331370830535889
7.334159851074219
7.335892677307129
7.337014675140381
7.32949686050415
7.324078559875488
7.334475040435791
7.331101894378662
7.336424350738525
7.334218502044678
7.337240219116211
7.336056709289551
7.3248820304870605
7.325273036956787
7.33101749420166
7.330730438232422
7.334537029266357
7.334252834320068
7.336784839630127
7.336594104766846
7.323308944702148
7.325653076171875
7.328500747680664
7.329385280609131
7.336084365844727
7.335077285766602
7.336905479431152
7.336642742156982
7.332129955291748
7.326447486877441
7.3347578048706055
7.329596519470215
7.336259841918945
7.334197521209717
7.3370680809021
7.336956977844238
7.325197219848633
7.329547882080078
7.332657337188721
7.336360454559326
7.327206611633301
7.320435047149658
7.330892086029053
7.3229146003723145
7.335607528686523
7.3291850090026855
7.336881637573242
7.334371089935303
7.302868366241455
7.319803237915039
7.332944869995117
7.3372297286987305
7.319077968597412
7.330692291259766
7.336384296417236
7.3372368812561035
7.330603122711182
7.335058212280273
7.3365583419799805
7.337199687957764
7.306815147399902
7.3278350830078125
7.334465503692627
7.336979866027832
7.311481952667236
7.331062316894531
7.3364458084106445
7.337422847747803
7.318891525268555
7.329225063323975
7.335312843322754
7.337204933166504
7.319227695465088
7.329737186431885
7.334702968597412
7.336767673492432
7.318682670593262
7.33203649520874
7.33572244644165
7.3371381759643555
7.316096305847168
7.331423282623291
7.335270881652832
7.336907386779785
7.312781810760498
7.324288368225098
7.330604076385498
7.335257530212402
7.320357799530029
7.334290027618408
7.336688995361328
7.337382793426514
7.327772617340088
7.332439422607422
7.336597442626953
7.337393283843994
7.324294090270996
7.333240509033203
7.3361334800720215
7.337085723876953
7.3295207023620605
7.3324480056762695
7.33616828918457
7.337375164031982
7.329913139343262
7.334342956542969
7.336782455444336
7.337368488311768
7.330328941345215
7.32852029800415
7.334464073181152
7.333672046661377
7.336729049682617
7.3366594314575195
7.337246417999268
7.337244987487793
7.326593399047852
7.327769756317139
7.334133625030518
7.333959102630615
7.336215019226074
7.3362717628479
7.337043285369873
7.337183475494385
7.328109264373779
7.334582805633545
7.336554527282715
7.3372416496276855
7.333680629730225
7.334335803985596
7.33601188659668
7.335300922393799
7.336788177490234
7.336721897125244
7.337322235107422
7.3372015953063965
7.324376583099365
7.331897258758545
7.335289478302002
7.3369364738464355
7.323609828948975
7.328612327575684
7.334964275360107
7.3371262550354
7.328287601470947
7.333316802978516
7.336465835571289
7.337151050567627
7.317666530609131
7.325683116912842
7.335080623626709
7.337130546569824
7.325461387634277
7.333072662353516
7.336010932922363
7.337243556976318
7.313814640045166
7.3253984451293945
7.330493927001953
7.337005615234375
7.32147216796875
7.332084655761719
7.335993766784668
7.337249755859375
7.324351787567139
7.3325605392456055
7.335973262786865
7.337092876434326
7.321723461151123
7.333993911743164
7.33637809753418
7.3371663093566895
7.322213649749756
7.316098690032959
7.331727027893066
7.326885223388672
7.335463047027588
7.334589958190918
7.33721923828125
7.336850166320801
7.330092430114746
7.324412822723389
7.335038185119629
7.334005832672119
7.336535930633545
7.336309909820557
7.337286472320557
7.337188720703125
7.321846961975098
7.328726291656494
7.334384441375732
7.335442066192627
7.3306884765625
7.331009864807129
7.333276748657227
7.333402633666992
7.335935592651367
7.335832118988037
7.337095260620117
7.3372015953063965
7.328543663024902
7.327523231506348
7.332871913909912
7.331116676330566
7.334931373596191
7.333944320678711
7.336700916290283
7.3368401527404785
7.329737663269043
7.327877521514893
7.334457874298096
7.331930637359619
7.335884094238281
7.33505392074585
7.337085247039795
7.336843013763428
7.329800128936768
7.33252477645874
7.334423542022705
7.335367679595947
7.336643695831299
7.336947441101074
7.3374505043029785
7.337295055389404
7.318636894226074
7.309041976928711
7.3293914794921875
7.3226447105407715
7.333910942077637
7.329623699188232
7.337274551391602
7.337307929992676
7.332864761352539
7.334293365478516
7.335805892944336
7.335999965667725
7.337028980255127
7.336661338806152
7.3373565673828125
7.337254524230957
7.329230308532715
7.334465026855469
7.336551666259766
7.33725643157959
7.331541061401367
7.334755897521973
7.336380958557129
7.337133884429932
7.324947834014893
7.332419395446777
7.335424423217773
7.336838722229004
7.330763816833496
7.327575206756592
7.335021018981934
7.332479476928711
7.336600303649902
7.335839748382568
7.337234020233154
7.336987495422363
7.323581218719482
7.332881927490234
7.335749626159668
7.33685827255249
7.318741798400879
7.332283020019531
7.336219787597656
7.337127685546875
7.31222677230835
7.324126243591309
7.332286834716797
7.336573123931885
7.3244171142578125
7.33331823348999
7.336032867431641
7.3371992111206055
7.325664520263672
7.333369255065918
7.335666179656982
7.337193965911865
7.317990303039551
7.325275897979736
7.331841468811035
7.3358073234558105
7.307939529418945
7.322731971740723
7.332106590270996
7.335691452026367
7.297322750091553
7.321788311004639
7.332898139953613
7.337164402008057
7.325780868530273
7.331231117248535
7.335598468780518
7.336897373199463
7.321822643280029
7.333555698394775
7.336214542388916
7.337309837341309
7.315107822418213
7.325173377990723
7.330803394317627
7.335587978363037
7.3166069984436035
7.328227996826172
7.334529876708984
7.336760997772217
7.334043979644775
7.332095623016357
7.335867404937744
7.333987712860107
7.336884021759033
7.3350372314453125
7.337344169616699
7.336220741271973
7.319766044616699
7.333041667938232
7.336300373077393
7.337324142456055
7.333649158477783
7.335470199584961
7.336877346038818
7.337337017059326
7.327856540679932
7.32421350479126
7.334674835205078
7.332456111907959
7.336461067199707
7.335580348968506
7.337296962738037
7.33688497543335
7.3257365226745605
7.319302082061768
7.331567764282227
7.331850528717041
7.336121082305908
7.336983680725098
7.337348461151123
7.337463855743408
7.3278350830078125
7.325618743896484
7.332309246063232
7.329755783081055
7.335086822509766
7.332716941833496
7.3367462158203125
7.3357744216918945
7.335782051086426
7.331432342529297
7.337057113647461
7.335446357727051
7.337297439575195
7.3367695808410645
7.3374810218811035
7.337375640869141
7.28324556350708
7.304008960723877
7.32159423828125
7.337402820587158
7.322244644165039
7.332772731781006
7.335911273956299
7.337098121643066
7.3246073722839355
7.3335652351379395
7.336029529571533
7.3371148109436035
7.324184894561768
7.3320512771606445
7.335785388946533
7.336942195892334
7.312310695648193
7.330160140991211
7.336281776428223
7.337261199951172
7.313294887542725
7.3317036628723145
7.336217880249023
7.337331295013428
7.326460361480713
7.33402681350708
7.3365159034729
7.3372602462768555
7.323990345001221
7.335160255432129
7.336742401123047
7.337307453155518
7.324636459350586
7.333554267883301
7.336499214172363
7.337278842926025
7.314304351806641
7.330819129943848
7.335535049438477
7.337077617645264
7.305150985717773
7.329227447509766
7.3359150886535645
7.337235450744629
7.328663349151611
7.322734355926514
7.3343377113342285
7.333733558654785
7.33677864074707
7.336737155914307
7.337352275848389
7.337299346923828
7.330732345581055
7.328920841217041
7.334118843078613
7.334301948547363
7.336169242858887
7.336578369140625
7.3373637199401855
7.337341785430908
7.328875541687012
7.336108207702637
7.337145805358887
7.337435722351074
7.322485446929932
7.333072662353516
7.336665153503418
7.33730411529541
7.330759525299072
7.323879718780518
7.335354328155518
7.334202766418457
7.336983680725098
7.336633682250977
7.337366104125977
7.337362766265869
7.332620620727539
7.333789348602295
7.3361101150512695
7.336338520050049
7.337174892425537
7.337179183959961
7.337436199188232
7.337425708770752
7.329046726226807
7.334796905517578
7.336801052093506
7.33735466003418
7.323101997375488
7.334506034851074
7.336202144622803
7.33729362487793
7.330024719238281
7.334333896636963
7.336780548095703
7.33734130859375
7.331416130065918
7.335613250732422
7.336928367614746
7.337405681610107
7.323338508605957
7.333852767944336
7.3368024826049805
7.337371349334717
7.320898532867432
7.334047794342041
7.3361945152282715
7.3371901512146
7.301263332366943
7.328159809112549
7.33490514755249
7.3370585441589355
7.327055931091309
7.335115909576416
7.337024211883545
7.337450981140137
7.318471431732178
7.331261157989502
7.335756778717041
7.337127208709717
7.306758880615234
7.329361438751221
7.3358306884765625
7.337143898010254
7.321913242340088
7.3319315910339355
7.335916519165039
7.337154388427734
7.317272186279297
7.330010414123535
7.335214614868164
7.3369622230529785
7.331254959106445
7.335963249206543
7.337205410003662
7.337477684020996
7.326521396636963
7.328754901885986
7.332147121429443
7.3343071937561035
7.335895538330078
7.336787700653076
7.33717155456543
7.33739709854126
7.327885150909424
7.33171272277832
7.334990978240967
7.33524751663208
7.336725234985352
7.3368635177612305
7.337294578552246
7.337345600128174
7.331155776977539
7.329793453216553
7.3355207443237305
7.335811614990234
7.336795806884766
7.336924076080322
7.3373517990112305
7.337340831756592
7.333047866821289
7.336047649383545
7.337023735046387
7.337399482727051
7.3289947509765625
7.3237080574035645
7.335665702819824
7.33342981338501
7.33693790435791
7.336575031280518
7.337385654449463
7.33738374710083
7.3302106857299805
7.330409526824951
7.334852695465088
7.335211753845215
7.336937427520752
7.336827278137207
7.3374128341674805
7.33733606338501
7.325819969177246
7.329015731811523
7.333751678466797
7.334063529968262
7.336417198181152
7.336558818817139
7.337231636047363
7.337305068969727
7.33220100402832
7.328258037567139
7.335264205932617
7.334499359130859
7.336837291717529
7.336641788482666
7.337357521057129
7.337368488311768
7.326247692108154
7.332788944244385
7.335269451141357
7.337310314178467
7.329047203063965
7.321518898010254
7.3346662521362305
7.33062744140625
7.336549758911133
7.335547924041748
7.337251663208008
7.337101936340332
7.311491966247559
7.328924179077148
7.335528373718262
7.337191104888916
7.3148016929626465
7.330610275268555
7.335146903991699
7.33697509765625
7.3287458419799805
7.335069179534912
7.336976528167725
7.3373823165893555
7.292759895324707
7.319847106933594
7.333770751953125
7.336641788482666
7.308870315551758
7.331711769104004
7.335873603820801
7.337296485900879
7.320319175720215
7.3327741622924805
7.336353778839111
7.3372697830200195
7.320122241973877
7.331251621246338
7.335760116577148
7.3370795249938965
7.313670635223389
7.328564167022705
7.335154056549072
7.336876392364502
7.315584182739258
7.329326629638672
7.334856986999512
7.3369011878967285
7.314050197601318
7.3288044929504395
7.333963394165039
7.33666467666626
7.319929599761963
7.333375930786133
7.336126804351807
7.337177276611328
7.324463844299316
7.333456039428711
7.336191177368164
7.337204933166504
7.322507381439209
7.331079006195068
7.335614204406738
7.336818695068359
7.329817295074463
7.3351850509643555
7.337057113647461
7.337428092956543
7.327253818511963
7.335246562957764
7.336704254150391
7.337357997894287
7.328787326812744
7.3298821449279785
7.335587501525879
7.335597991943359
7.337109565734863
7.336960792541504
7.337436676025391
7.337397575378418
7.33051061630249
7.331414222717285
7.335719108581543
7.336103439331055
7.336965084075928
7.337100982666016
7.3373284339904785
7.337425231933594
7.331390857696533
7.33632230758667
7.337082862854004
7.337416172027588
7.330410003662109
7.333345413208008
7.334622383117676
7.335531711578369
7.336438179016113
7.3367815017700195
7.337209224700928
7.337315082550049
7.327054023742676
7.333395957946777
7.33612585067749
7.337297439575195
7.325490474700928
7.332880020141602
7.336783409118652
7.337316036224365
7.328920841217041
7.334671497344971
7.336640357971191
7.337276458740234
7.317230224609375
7.33154296875
7.335796356201172
7.337014675140381
7.320483684539795
7.332873344421387
7.336099147796631
7.337120056152344
7.311063766479492
7.328598976135254
7.335442543029785
7.337050437927246
7.317838668823242
7.330923557281494
7.336093425750732
7.337233066558838
7.323436737060547
7.333642482757568
7.336558818817139
7.337367534637451
7.316813945770264
7.3333587646484375
7.3365936279296875
7.337254047393799
7.324842929840088
7.3210039138793945
7.334847450256348
7.333106517791748
7.3369550704956055
7.336772441864014
7.337359428405762
7.337353706359863
7.331151008605957
7.331810474395752
7.335499286651611
7.335789203643799
7.337028503417969
7.336983680725098
7.337338447570801
7.337408542633057
7.328248023986816
7.3335394859313965
7.335473537445068
7.3372273445129395
7.331233978271484
7.330425262451172
7.335690498352051
7.335715293884277
7.337018013000488
7.337085247039795
7.3374176025390625
7.337399482727051
7.332548141479492
7.331215858459473
7.335536003112793
7.3354644775390625
7.337006568908691
7.33705472946167
7.33742094039917
7.3374223709106445
7.331584453582764
7.330282688140869
7.335946559906006
7.33553409576416
7.3370561599731445
7.3370537757873535
7.33740234375
7.3374152183532715
7.3267717361450195
7.330570697784424
7.334534645080566
7.3359880447387695
7.3367228507995605
7.337170600891113
7.337345600128174
7.337419033050537
7.3184709548950195
7.313127517700195
7.3335771560668945
7.332660675048828
7.336624622344971
7.336765289306641
7.337353706359863
7.337234020233154
7.329676628112793
7.332803249359131
7.3354291915893555
7.336246967315674
7.336941719055176
7.337141513824463
7.337384223937988
7.3374247550964355
7.332351207733154
7.336004257202148
7.337189674377441
7.33746337890625
7.332705974578857
7.336198329925537
7.33704137802124
7.337392330169678
7.326253414154053
7.332984447479248
7.33629846572876
7.337235450744629
7.329085350036621
7.329420566558838
7.335283279418945
7.335419654846191
7.337032318115234
7.336996078491211
7.3374152183532715
7.337377071380615
7.315832138061523
7.32891845703125
7.335054874420166
7.336409091949463
7.314331531524658
7.33061408996582
7.336151123046875
7.3371663093566895
7.3133544921875
7.329878330230713
7.335844039916992
7.337255954742432
7.3202009201049805
7.331579208374023
7.335822105407715
7.337147235870361
7.32408332824707
7.333806991577148
7.3366875648498535
7.337347507476807
7.320034503936768
7.330214500427246
7.335097312927246
7.3371100425720215
7.314601898193359
7.3305816650390625
7.335422992706299
7.3370137214660645
7.29746150970459
7.326632499694824
7.335535526275635
7.337205410003662
7.32814884185791
7.334680557250977
7.336671352386475
7.337275981903076
7.322286605834961
7.333141326904297
7.336236953735352
7.337175369262695
7.3126444816589355
7.327437400817871
7.334733963012695
7.33698034286499
7.316588878631592
7.33192777633667
7.335623264312744
7.337207794189453
7.333323955535889
7.332135200500488
7.336082935333252
7.334681987762451
7.337161540985107
7.336390972137451
7.337432384490967
7.337302207946777
7.320808410644531
7.334334850311279
7.336864948272705
7.3373613357543945
7.3331732749938965
7.336176872253418
7.337170124053955
7.337456703186035
7.332690715789795
7.331826686859131
7.335648536682129
7.335260391235352
7.337067604064941
7.336895942687988
7.3374528884887695
7.337371349334717
7.326642036437988
7.319462299346924
7.334906101226807
7.334871292114258
7.336964130401611
7.336973667144775
7.337391376495361
7.337347507476807
7.329197406768799
7.328228950500488
7.334444999694824
7.3338775634765625
7.336986541748047
7.336502552032471
7.337373733520508
7.33734655380249
7.334168910980225
7.3327226638793945
7.336467742919922
7.336288928985596
7.337173938751221
7.337178707122803
7.337462902069092
7.337434768676758
7.3040852546691895
7.330655097961426
7.336455345153809
7.337418556213379
7.3353118896484375
7.336556911468506
7.336999416351318
7.335419654846191
7.336813926696777
7.337072849273682
7.335299968719482
7.336416244506836
7.33674430847168
7.335183620452881
7.33599853515625
7.336891174316406
7.33502721786499
7.336802005767822
7.337064743041992
7.33567476272583
7.336799621582031
7.33703088760376
7.336247444152832
7.336643218994141
7.3370161056518555
7.336061477661133
7.33674955368042
7.337074279785156
7.3339996337890625
7.335723876953125
7.336578845977783
7.33554220199585
7.3369293212890625
7.33712100982666
7.3355326652526855
7.33400297164917
7.336036682128906
7.335819244384766
7.336890697479248
7.3366007804870605
7.33680534362793
7.336627006530762
7.336970329284668
7.336902618408203
7.33710241317749
7.337055683135986
7.3368449211120605
7.336938381195068
7.337170600891113
7.335836410522461
7.336220741271973
7.3365631103515625
7.336381435394287
7.335739612579346
7.336707592010498
7.336426734924316
7.337143421173096
7.3368048667907715
7.336523056030273
7.3369221687316895
7.337144374847412
7.337273597717285
7.337294101715088
7.337301254272461
7.336554527282715
7.336885929107666
7.337079048156738
7.334921836853027
7.335561752319336
7.335973739624023
7.336639404296875
7.337031841278076
7.337100982666016
7.336348056793213
7.336962699890137
7.337236404418945
7.336102485656738
7.336705207824707
7.336840629577637
7.335930824279785
7.336320877075195
7.336517333984375
7.333750247955322
7.334595680236816
7.336276531219482
7.335925102233887
7.336825370788574
7.337126731872559
7.335144519805908
7.335981369018555
7.336499214172363
7.334342002868652
7.3356170654296875
7.336052894592285
7.334570407867432
7.336064338684082
7.336777687072754
7.334949493408203
7.33638334274292
7.33682918548584
7.336909770965576
7.337188720703125
7.337357521057129
7.33634614944458
7.336701393127441
7.336717128753662
7.336974143981934
7.337127685546875
7.337176322937012
7.336374759674072
7.335753917694092
7.336818218231201
7.336416721343994
7.337081432342529
7.336813926696777
7.336740016937256
7.33669900894165
7.337075710296631
7.3369598388671875
7.337202072143555
7.337059497833252
7.336633205413818
7.337147235870361
7.337230205535889
7.335809230804443
7.336316108703613
7.33673095703125
7.336846828460693
7.336935520172119
7.337032794952393
7.336381435394287
7.336615562438965
7.336869239807129
7.337040901184082
7.337084770202637
7.337197780609131
7.335501670837402
7.3361711502075195
7.336191177368164
7.336221218109131
7.336476802825928
7.336957931518555
7.336647987365723
7.336276054382324
7.337102890014648
7.33690881729126
7.337249755859375
7.337092399597168
7.33604621887207
7.336596965789795
7.336770534515381
7.335811138153076
7.334493160247803
7.336719512939453
7.336200714111328
7.336956977844238
7.3364057540893555
7.334921360015869
7.3364176750183105
7.336760520935059
7.3345208168029785
7.335687637329102
7.336543083190918
7.336488246917725
7.337032794952393
7.337294578552246
7.331034183502197
7.334535121917725
7.336123466491699
7.333953380584717
7.335620403289795
7.336873531341553
7.335539817810059
7.336535930633545
7.336650371551514
7.335457801818848
7.336095809936523
7.336872100830078
7.333188533782959
7.33450174331665
7.33588981628418
7.335683822631836
7.336188316345215
7.336777687072754
7.335513114929199
7.336052894592285
7.336794376373291
7.335148334503174
7.336760997772217
7.337040424346924
7.334245204925537
7.335750579833984
7.33652925491333
7.333600997924805
7.335954189300537
7.336427688598633
7.336460113525391
7.3368120193481445
7.337179183959961
7.336095333099365
7.336719036102295
7.3370513916015625
7.3366265296936035
7.336294174194336
7.336998462677002
7.3368377685546875
7.337162017822266
7.337173938751221
7.336380481719971
7.336711406707764
7.336796283721924
7.33713960647583
7.337090015411377
7.337164878845215
7.336589813232422
7.336878299713135
7.337113857269287
7.336600303649902
7.336964130401611
7.337163925170898
7.337093353271484
7.3372650146484375
7.337305545806885
7.335333824157715
7.336622714996338
7.336602210998535
7.33577823638916
7.336358070373535
7.336524963378906
7.3356852531433105
7.336367607116699
7.336800575256348
7.333853721618652
7.335227966308594
7.3358941078186035
7.334897994995117
7.336322784423828
7.336613178253174
7.332951545715332
7.335154056549072
7.336092472076416
7.335796356201172
7.336535930633545
7.336855411529541
7.335721969604492
7.336796283721924
7.3371148109436035
7.33343505859375
7.335247993469238
7.336276531219482
7.3356242179870605
7.336160659790039
7.336542129516602
7.3363542556762695
7.336729049682617
7.336970806121826
7.336582183837891
7.336823463439941
7.336971282958984
7.337131500244141
7.337201118469238
7.337284088134766
7.3359246253967285
7.336544513702393
7.336981773376465
7.336971282958984
7.336844444274902
7.337226390838623
7.337123394012451
7.33727502822876
7.337228298187256
7.33676290512085
7.336655616760254
7.336926460266113
7.337001323699951
7.337207317352295
7.337096214294434
7.33635139465332
7.336519718170166
7.336848258972168
7.336956977844238
7.337193012237549
7.337223529815674
7.335888385772705
7.3364739418029785
7.336421012878418
7.337094783782959
7.336862087249756
7.337244033813477
7.335372447967529
7.334877014160156
7.3360114097595215
7.3360419273376465
7.336789608001709
7.336366653442383
7.336634159088135
7.336645126342773
7.336988925933838
7.337151527404785
7.337284564971924
7.337308883666992
7.336815357208252
7.337133407592773
7.337250232696533
7.3370208740234375
7.337139129638672
7.3372802734375
7.335916042327881
7.336869716644287
7.337056636810303
7.336338043212891
7.336574554443359
7.337090969085693
7.336973190307617
7.337233543395996
7.337133884429932
7.3344268798828125
7.335574150085449
7.336190223693848
7.334909915924072
7.336569786071777
7.336932182312012
7.335852146148682
7.336364269256592
7.336971282958984
7.334290504455566
7.336256980895996
7.33669900894165
7.335912227630615
7.336681365966797
7.336917400360107
7.3347673416137695
7.336300373077393
7.336812496185303
7.335524559020996
7.336600303649902
7.336972713470459
7.333220481872559
7.335038661956787
7.335041046142578
7.335721492767334
7.336678504943848
7.337008476257324
7.3361287117004395
7.336714267730713
7.337103366851807
7.334917068481445
7.33621072769165
7.336373329162598
7.335514068603516
7.3365254402160645
7.336983680725098
7.337067604064941
7.336722373962402
7.337263107299805
7.3369317054748535
7.337280750274658
7.337224006652832
7.336495876312256
7.336808204650879
7.337131023406982
7.337037563323975
7.337192535400391
7.337357044219971
7.336606979370117
7.336053371429443
7.336637020111084
7.336719036102295
7.337121486663818
7.336971759796143
7.336458206176758
7.334754943847656
7.336686134338379
7.336122035980225
7.337102890014648
7.336813926696777
7.336609840393066
7.336488723754883
7.3370208740234375
7.337086200714111
7.33711576461792
7.337213516235352
7.337095737457275
7.336992263793945
7.337347507476807
7.3372602462768555
7.3374199867248535
7.337321758270264
7.334978103637695
7.336064338684082
7.336732864379883
7.322768688201904
7.328144073486328
7.3328657150268555
7.336331367492676
7.324849605560303
7.333488464355469
7.336153030395508
7.336933135986328
7.327280044555664
7.332840919494629
7.335430145263672
7.336905002593994
7.317559242248535
7.329685211181641
7.33493185043335
7.33690071105957
7.309873104095459
7.3263421058654785
7.336516380310059
7.337216854095459
7.326467514038086
7.332747459411621
7.335968017578125
7.337116241455078
7.32728910446167
7.335697174072266
7.336738586425781
7.3372578620910645
7.325992584228516
7.333768844604492
7.335942268371582
7.336867332458496
7.317248344421387
7.327538013458252
7.33443021774292
7.336745738983154
7.323219299316406
7.331979751586914
7.335822105407715
7.337220191955566
7.331445693969727
7.326190948486328
7.335461616516113
7.3331217765808105
7.336981296539307
7.336219787597656
7.3373212814331055
7.337210178375244
7.3310227394104
7.328721523284912
7.333146095275879
7.332217693328857
7.334492206573486
7.334704875946045
7.335576057434082
7.336267471313477
7.326991081237793
7.333065509796143
7.336755275726318
7.3373823165893555
7.322376251220703
7.329909324645996
7.335771560668945
7.3369951248168945
7.333137512207031
7.326525688171387
7.336083889007568
7.332606315612793
7.337303161621094
7.3364996910095215
7.33746337890625
7.337345600128174
7.331804275512695
7.333273887634277
7.3354902267456055
7.335322856903076
7.336881637573242
7.336453914642334
7.33734130859375
7.3371405601501465
7.330392360687256
7.334585189819336
7.3367228507995605
7.337247371673584
7.309691905975342
7.32509708404541
7.336555480957031
7.337141036987305
7.3307929039001465
7.332265853881836
7.334500312805176
7.336349964141846
7.331724643707275
7.3354597091674805
7.336728572845459
7.337185859680176
7.324276924133301
7.334019184112549
7.336522579193115
7.337363243103027
7.32296895980835
7.331475257873535
7.3353590965271
7.337005138397217
7.316376686096191
7.332464694976807
7.336344242095947
7.337305068969727
7.32878303527832
7.334877014160156
7.33714485168457
7.33738899230957
7.323233604431152
7.331192970275879
7.3359880447387695
7.337187767028809
7.313022136688232
7.325676441192627
7.33615779876709
7.337207317352295
7.326699256896973
7.331885814666748
7.336202144622803
7.336889743804932
7.318457126617432
7.328028202056885
7.334964275360107
7.336871147155762
7.328934192657471
7.334514617919922
7.336627006530762
7.337317943572998
7.327136993408203
7.327095985412598
7.329800605773926
7.330892562866211
7.333472728729248
7.333774566650391
7.3354291915893555
7.33644437789917
7.327141761779785
7.329401016235352
7.333369255065918
7.333670139312744
7.335583686828613
7.335932731628418
7.336781024932861
7.337036609649658
7.331961631774902
7.332950115203857
7.3353071212768555
7.335621356964111
7.336705207824707
7.33675479888916
7.337149620056152
7.337090969085693
7.332589149475098
7.333946704864502
7.335930824279785
7.336909770965576
7.33046817779541
7.32755708694458
7.3343682289123535
7.330854415893555
7.3364973068237305
7.334367275238037
7.337236404418945
7.3359479904174805
7.328452110290527
7.327132225036621
7.330965518951416
7.330409049987793
7.333625793457031
7.333507537841797
7.336390495300293
7.336212158203125
7.327087879180908
7.327033996582031
7.331523895263672
7.329675674438477
7.335114002227783
7.332840442657471
7.336693286895752
7.336350440979004
7.331854343414307
7.327669620513916
7.334414005279541
7.330223560333252
7.336255073547363
7.333853721618652
7.336999416351318
7.336757659912109
7.3261027336120605
7.3294572830200195
7.3325066566467285
7.335934638977051
7.328548908233643
7.3222126960754395
7.332639694213867
7.3255228996276855
7.334752082824707
7.329202175140381
7.336669445037842
7.333667755126953
7.3064799308776855
7.319020748138428
7.3332438468933105
7.3371052742004395
7.326329231262207
7.3333306312561035
7.336189270019531
7.337271213531494
7.332334995269775
7.334733486175537
7.336546897888184
7.33716344833374
7.306269645690918
7.324951648712158
7.334187984466553
7.336920738220215
7.327541828155518
7.335531234741211
7.337034225463867
7.3374409675598145
7.319461345672607
7.32860803604126
7.335628509521484
7.33711051940918
7.318863868713379
7.329738140106201
7.334603309631348
7.336551666259766
7.323071479797363
7.330567359924316
7.335642337799072
7.337095737457275
7.31475830078125
7.330132961273193
7.335317611694336
7.336666107177734
7.315090656280518
7.323955059051514
7.3302812576293945
7.333926200866699
7.32907772064209
7.3340020179748535
7.3365397453308105
7.337333679199219
7.329546928405762
7.3347649574279785
7.3368000984191895
7.337381839752197
7.326720237731934
7.3326287269592285
7.336243152618408
7.337000846862793
7.332129001617432
7.334640026092529
7.336958885192871
7.337381839752197
7.3323564529418945
7.335669994354248
7.336942195892334
7.337347030639648
7.333308696746826
7.330901622772217
7.335920810699463
7.334814071655273
7.336737632751465
7.336610317230225
7.3372015953063965
7.337180137634277
7.3274407386779785
7.328337669372559
7.333244323730469
7.334121227264404
7.336151123046875
7.336273193359375
7.336904048919678
7.337168216705322
7.329499244689941
7.33425235748291
7.33638334274292
7.337156295776367
7.333887100219727
7.335147380828857
7.335992336273193
7.335374355316162
7.337008476257324
7.336667537689209
7.3372673988342285
7.337154388427734
7.329287052154541
7.3315277099609375
7.335570812225342
7.337096691131592
7.321067810058594
7.328275203704834
7.335347652435303
7.337064743041992
7.32951021194458
7.333384990692139
7.33630895614624
7.337139129638672
7.318950653076172
7.326400279998779
7.3355913162231445
7.337114334106445
7.32598876953125
7.332796096801758
7.336234092712402
7.3371782302856445
7.321430683135986
7.3296661376953125
7.334643363952637
7.3367695808410645
7.32354736328125
7.332214832305908
7.335997104644775
7.337208271026611
7.324253082275391
7.331974983215332
7.335668563842773
7.337080478668213
7.323515892028809
7.333839416503906
7.336483001708984
7.337229251861572
7.325215816497803
7.317938804626465
7.331462860107422
7.326171398162842
7.335531234741211
7.3341569900512695
7.337106227874756
7.336665630340576
7.3296098709106445
7.329842567443848
7.334814071655273
7.333435535430908
7.336394309997559
7.336047649383545
7.337186813354492
7.337186813354492
7.325298309326172
7.327807903289795
7.331289768218994
7.334965705871582
7.328948974609375
7.329984664916992
7.332972049713135
7.333218097686768
7.335860729217529
7.335693836212158
7.3369526863098145
7.337127208709717
7.329523086547852
7.329339981079102
7.332798957824707
7.331055641174316
7.334419250488281
7.333398818969727
7.33634090423584
7.336391925811768
7.331462860107422
7.3293137550354
7.334013938903809
7.331419944763184
7.335970401763916
7.334169387817383
7.336997985839844
7.336599349975586
7.331974506378174
7.334859848022461
7.334059715270996
7.3360514640808105
7.3371968269348145
7.3371052742004395
7.337433338165283
7.337289810180664
7.3229146003723145
7.310830116271973
7.334040641784668
7.330092430114746
7.336606979370117
7.33640193939209
7.337276935577393
7.337245941162109
7.333872318267822
7.334589958190918
7.335968971252441
7.336008548736572
7.3369903564453125
7.336633682250977
7.337361812591553
7.337170600891113
7.329819202423096
7.333895206451416
7.336398601531982
7.337245464324951
7.3323235511779785
7.33431339263916
7.336203098297119
7.337075233459473
7.32495641708374
7.331501483917236
7.33483362197876
7.336440086364746
7.330678939819336
7.328874588012695
7.334867477416992
7.331552505493164
7.3365302085876465
7.3354082107543945
7.33717155456543
7.336787223815918
7.325057506561279
7.332230091094971
7.335506439208984
7.336656093597412
7.321183204650879
7.331485748291016
7.335935115814209
7.337086200714111
7.312972545623779
7.323172092437744
7.332739353179932
7.3366007804870605
7.325568675994873
7.332579135894775
7.336129665374756
7.337207317352295
7.32835054397583
7.333293437957764
7.335973739624023
7.3371381759643555
7.320738792419434
7.323696136474609
7.330419540405273
7.335294723510742
7.313313961029053
7.320035457611084
7.330315589904785
7.335245609283447
7.306166648864746
7.320699691772461
7.331512928009033
7.337141513824463
7.329077243804932
7.333625793457031
7.335874557495117
7.336842060089111
7.322018623352051
7.333733081817627
7.336585998535156
7.337196350097656
7.3152923583984375
7.323565483093262
7.3307294845581055
7.334931373596191
7.318459510803223
7.327495098114014
7.334108829498291
7.336535453796387
7.333920001983643
7.332275390625
7.335667133331299
7.33355712890625
7.3367533683776855
7.335124492645264
7.337315082550049
7.336036205291748
7.323173999786377
7.331996917724609
7.336185455322266
7.337263584136963
7.3328046798706055
7.335201740264893
7.33673095703125
7.337319850921631
7.330099105834961
7.324307918548584
7.334836483001709
7.331364154815674
7.336519718170166
7.335127830505371
7.337254524230957
7.336669921875
7.32650899887085
7.331853866577148
7.334315776824951
7.336580276489258
7.336735725402832
7.337082862854004
7.337279796600342
7.337427139282227
7.329635143280029
7.329152584075928
7.332306861877441
7.3295063972473145
7.3347296714782715
7.332030296325684
7.336442947387695
7.335048198699951
7.336252212524414
7.332357406616211
7.337059020996094
7.335158824920654
7.337331771850586
7.336746692657471
7.337466716766357
7.337338924407959
7.30400276184082
7.322787284851074
7.336264133453369
7.337409496307373
7.293909549713135
7.323593616485596
7.329399585723877
7.33129358291626
7.291715145111084
7.3186140060424805
7.326204776763916
7.330333709716797
7.314584732055664
7.3272576332092285
7.3321027755737305
7.333928108215332
7.304864406585693
7.324955463409424
7.333119869232178
7.336057186126709
7.275357723236084
7.313018798828125
7.330321788787842
7.335955619812012
7.319375514984131
7.3292131423950195
7.334739685058594
7.336704254150391
7.321269989013672
7.3333330154418945
7.336098670959473
7.336952209472656
7.318684101104736
7.330005168914795
7.334278583526611
7.335397720336914
7.311907768249512
7.325062274932861
7.332006931304932
7.33583402633667
7.289611339569092
7.321889877319336
7.328502655029297
7.332861423492432
7.331707000732422
7.327063083648682
7.33489990234375
7.3336567878723145
7.335979461669922
7.335448265075684
7.336009979248047
7.33588171005249
7.32922887802124
7.326889514923096
7.3352437019348145
7.3348283767700195
7.33585262298584
7.336362361907959
7.3365631103515625
7.336929798126221
7.32399845123291
7.333372116088867
7.336416244506836
7.337100028991699
7.3279218673706055
7.3325910568237305
7.3351287841796875
7.337050437927246
7.3338422775268555
7.330456733703613
7.336224555969238
7.334455490112305
7.336704254150391
7.3359904289245605
7.337147235870361
7.336970329284668
7.333540916442871
7.331930637359619
7.3361663818359375
7.336274147033691
7.336813926696777
7.33675479888916
7.337032794952393
7.3370208740234375
7.3310723304748535
7.335132122039795
7.33648157119751
7.3371195793151855
7.297995567321777
7.326110363006592
7.333978176116943
7.33591890335083
7.324111461639404
7.335505485534668
7.336979866027832
7.337337493896484
7.324090003967285
7.335525035858154
7.336725234985352
7.336977958679199
7.326240062713623
7.333693981170654
7.335981369018555
7.336857795715332
7.286466598510742
7.322305679321289
7.331247329711914
7.333991527557373
7.311182975769043
7.321584701538086
7.326951026916504
7.3308258056640625
7.3286566734313965
7.334261417388916
7.335776329040527
7.337172508239746
7.306457042694092
7.324310302734375
7.328572750091553
7.331113815307617
7.303505897521973
7.321351528167725
7.3292555809021
7.335096836090088
7.302247524261475
7.3268914222717285
7.3322038650512695
7.332974910736084
7.307567596435547
7.3209228515625
7.327487945556641
7.330837249755859
7.315150260925293
7.331824779510498
7.335290908813477
7.336201190948486
7.327345848083496
7.328386306762695
7.334648132324219
7.333774566650391
7.3364386558532715
7.33668327331543
7.337121963500977
7.337218761444092
7.324787139892578
7.320362567901611
7.334397315979004
7.33121919631958
7.335484027862549
7.335077285766602
7.336029529571533
7.335834980010986
7.334115982055664
7.332563400268555
7.3358473777771
7.335364818572998
7.337151527404785
7.3370466232299805
7.337328910827637
7.337209701538086
7.326758861541748
7.336310863494873
7.337083339691162
7.337360858917236
7.326515197753906
7.323835849761963
7.335280895233154
7.334627628326416
7.336118698120117
7.335558891296387
7.336736679077148
7.33616304397583
7.325674057006836
7.3263840675354
7.334558486938477
7.3349223136901855
7.336064338684082
7.3356428146362305
7.336449146270752
7.33608341217041
7.326867580413818
7.329468727111816
7.333003044128418
7.333833694458008
7.334815502166748
7.33519983291626
7.335471153259277
7.335514068603516
7.328553676605225
7.32550048828125
7.334526538848877
7.333250045776367
7.335762977600098
7.334300994873047
7.336484909057617
7.335399627685547
7.320987224578857
7.333212852478027
7.335397243499756
7.336836814880371
7.329312324523926
7.323058605194092
7.333642959594727
7.332281589508057
7.3360209465026855
7.33347225189209
7.337186336517334
7.336854457855225
7.318777561187744
7.3292999267578125
7.333494186401367
7.335899829864502
7.322032928466797
7.331854343414307
7.334379196166992
7.336477279663086
7.317906856536865
7.332278251647949
7.3353376388549805
7.3357672691345215
7.29353666305542
7.311200141906738
7.326022148132324
7.332854747772217
7.311957836151123
7.330840587615967
7.3340654373168945
7.33534049987793
7.309690952301025
7.322332382202148
7.33168888092041
7.336099147796631
7.2896928787231445
7.325018405914307
7.331665515899658
7.333136558532715
7.305030345916748
7.325876235961914
7.332213878631592
7.334404945373535
7.306116580963135
7.324359893798828
7.331787109375
7.336034297943115
7.2875518798828125
7.326112747192383
7.331666469573975
7.336171627044678
7.325235366821289
7.332592010498047
7.33565616607666
7.336580753326416
7.325615882873535
7.3316969871521
7.334049701690674
7.334991455078125
7.298491954803467
7.325310707092285
7.330268383026123
7.331686019897461
7.333099365234375
7.335882186889648
7.33669376373291
7.337153911590576
7.3301286697387695
7.333994388580322
7.337069034576416
7.337278366088867
7.333002090454102
7.3289289474487305
7.3358473777771
7.33454704284668
7.336443901062012
7.33607292175293
7.336873531341553
7.336668014526367
7.322286605834961
7.318976402282715
7.332982540130615
7.330023765563965
7.334804534912109
7.3336381912231445
7.335644721984863
7.3350911140441895
7.328505992889404
7.335170745849609
7.3366827964782715
7.33730936050415
7.3202104568481445
7.332645416259766
7.334295749664307
7.3365607261657715
7.337032794952393
7.337249755859375
7.3373870849609375
7.337424278259277
7.30865478515625
7.328004360198975
7.334721565246582
7.337010383605957
7.319090366363525
7.330519199371338
7.334476470947266
7.336404323577881
7.321094036102295
7.331662654876709
7.3340020179748535
7.335484504699707
7.28578519821167
7.322161674499512
7.334268569946289
7.336723327636719
7.308383941650391
7.328750133514404
7.332146644592285
7.3335700035095215
7.321730613708496
7.330439567565918
7.334393501281738
7.336784362792969
7.313381671905518
7.328147888183594
7.334445476531982
7.336569786071777
7.3149542808532715
7.329742908477783
7.333139896392822
7.334897994995117
7.3181538581848145
7.331395149230957
7.335154056549072
7.3366899490356445
7.327242374420166
7.323651313781738
7.334624290466309
7.3324127197265625
7.336156845092773
7.335974216461182
7.337213516235352
7.337106227874756
7.330874919891357
7.325226783752441
7.335686206817627
7.335037708282471
7.336579322814941
7.336390972137451
7.336843967437744
7.336759090423584
7.3131585121154785
7.334364414215088
7.336249828338623
7.337003707885742
7.329329967498779
7.3321146965026855
7.33340311050415
7.334497928619385
7.334628582000732
7.335019111633301
7.335400104522705
7.335850238800049
7.326415538787842
7.326899528503418
7.334691524505615
7.333977699279785
7.336645126342773
7.336696147918701
7.337249755859375
7.337296485900879
7.329061985015869
7.328366279602051
7.334845542907715
7.333656311035156
7.336556434631348
7.335948944091797
7.337344646453857
7.337362766265869
7.330262184143066
7.332850933074951
7.335139751434326
7.335661888122559
7.336532115936279
7.336788654327393
7.336998462677002
7.337154388427734
7.323763847351074
7.3084516525268555
7.333498954772949
7.331367015838623
7.335970878601074
7.335836410522461
7.336889266967773
7.33660888671875
7.333576679229736
7.330989837646484
7.33629846572876
7.335439205169678
7.336767196655273
7.336697578430176
7.337047100067139
7.336975574493408
7.325761795043945
7.335879802703857
7.337070465087891
7.3374342918396
7.330458164215088
7.335878372192383
7.336498260498047
7.336794853210449
7.3027777671813965
7.325542449951172
7.331121921539307
7.332805156707764
7.327887058258057
7.323511123657227
7.334567546844482
7.332613468170166
7.336316108703613
7.335512161254883
7.336581230163574
7.336211204528809
7.316088676452637
7.331472396850586
7.336482048034668
7.337069511413574
7.312765598297119
7.328786849975586
7.334861755371094
7.336137771606445
7.302790641784668
7.320298194885254
7.331973075866699
7.335916519165039
7.315219402313232
7.3266215324401855
7.332736492156982
7.3348236083984375
7.3125901222229
7.328121662139893
7.335745811462402
7.337218284606934
7.287215709686279
7.323867321014404
7.33042573928833
7.334665775299072
7.299294948577881
7.3254899978637695
7.331207752227783
7.333619117736816
7.29392147064209
7.3191962242126465
7.328255653381348
7.334012985229492
7.315186500549316
7.331546783447266
7.336791038513184
7.337310791015625
7.3151021003723145
7.330995082855225
7.3354105949401855
7.337013244628906
7.296782493591309
7.32766580581665
7.334105491638184
7.3363752365112305
7.3160552978515625
7.332180023193359
7.334437370300293
7.334933280944824
7.330747604370117
7.328797340393066
7.335734844207764
7.33508825302124
7.336534023284912
7.335683822631836
7.336848735809326
7.3357744216918945
7.329450607299805
7.334856986999512
7.336476802825928
7.337078094482422
7.333766937255859
7.336057186126709
7.336683750152588
7.3369903564453125
7.328901767730713
7.317676067352295
7.334158897399902
7.330426216125488
7.33607816696167
7.335103511810303
7.33657169342041
7.335928440093994
7.33001184463501
7.331436634063721
7.334970474243164
7.3350725173950195
7.336474895477295
7.336497783660889
7.337016582489014
7.336814880371094
7.3268232345581055
7.326238632202148
7.335897445678711
7.334883213043213
7.336869716644287
7.336709499359131
7.337282180786133
7.337377071380615
7.334868431091309
7.326321125030518
7.336419105529785
7.335230350494385
7.3368144035339355
7.336243629455566
7.337098598480225
7.336684703826904
7.3200507164001465
7.328254222869873
7.3331170082092285
7.336344242095947
7.325198173522949
7.328832626342773
7.333734512329102
7.337165832519531
7.328963279724121
7.334355354309082
7.335989475250244
7.337370872497559
7.329370498657227
7.333192825317383
7.335377216339111
7.337296485900879
7.317426681518555
7.329094409942627
7.334000587463379
7.3373188972473145
7.312559127807617
7.332321643829346
7.336328029632568
7.337406158447266
7.3273186683654785
7.332329273223877
7.33574104309082
7.337341785430908
7.330498218536377
7.335258483886719
7.33670711517334
7.337439060211182
7.329650402069092
7.334505558013916
7.336162567138672
7.337247371673584
7.317197799682617
7.327643394470215
7.334218502044678
7.337267875671387
7.321583271026611
7.332194805145264
7.335565567016602
7.337375164031982
7.332341194152832
7.325662612915039
7.335414886474609
7.333683013916016
7.336615085601807
7.335913181304932
7.337442398071289
7.3373541831970215
7.331653118133545
7.328962326049805
7.333469867706299
7.332834243774414
7.334725379943848
7.334494590759277
7.33663272857666
7.337096691131592
7.328957557678223
7.334380149841309
7.336589813232422
7.3374528884887695
7.321639537811279
7.330073356628418
7.334752559661865
7.337221145629883
7.333579063415527
7.322705268859863
7.335677623748779
7.330759525299072
7.336940288543701
7.335205078125
7.337512016296387
7.337445259094238
7.332766056060791
7.33296537399292
7.335725784301758
7.335690975189209
7.336862087249756
7.336665630340576
7.337462425231934
7.337330341339111
7.329241752624512
7.333914756774902
7.3360443115234375
7.337374687194824
7.306776523590088
7.326646327972412
7.33453369140625
7.337241172790527
7.330496788024902
7.333714008331299
7.334999084472656
7.336859226226807
7.334700107574463
7.336025714874268
7.336822032928467
7.337366104125977
7.327568054199219
7.333913803100586
7.335946559906006
7.337396144866943
7.319561958312988
7.331255912780762
7.335381507873535
7.337316513061523
7.321800231933594
7.332123756408691
7.335644245147705
7.337365627288818
7.330347537994385
7.334835052490234
7.336770057678223
7.337508201599121
7.322676181793213
7.331426620483398
7.335853099822998
7.33738374710083
7.318593978881836
7.329394817352295
7.335221290588379
7.337376594543457
7.328742980957031
7.3333539962768555
7.335978031158447
7.337201118469238
7.320521831512451
7.330371856689453
7.334883689880371
7.337289333343506
7.330943584442139
7.335219383239746
7.336751937866211
7.337459087371826
7.32831335067749
7.328876495361328
7.330735683441162
7.3315534591674805
7.333788871765137
7.333865642547607
7.336696147918701
7.3371806144714355
7.3276143074035645
7.3272881507873535
7.333917140960693
7.333138465881348
7.335947513580322
7.335411071777344
7.337319850921631
7.337297439575195
7.3320159912109375
7.332561492919922
7.335051536560059
7.33553409576416
7.336452484130859
7.3364691734313965
7.337282657623291
7.337253570556641
7.331422805786133
7.334551811218262
7.3358235359191895
7.337205410003662
7.331258773803711
7.323647975921631
7.335323333740234
7.331690311431885
7.33661413192749
7.334872245788574
7.337367534637451
7.337027549743652
7.324727535247803
7.327518463134766
7.3318634033203125
7.3315510749816895
7.3343825340271
7.3344807624816895
7.337153911590576
7.337177276611328
7.328232765197754
7.326573371887207
7.3336920738220215
7.330998420715332
7.335464000701904
7.334329605102539
7.3371477127075195
7.336853504180908
7.332927227020264
7.326290130615234
7.33524227142334
7.330289840698242
7.336210250854492
7.334284782409668
7.337225914001465
7.337204933166504
7.324958324432373
7.329536437988281
7.332386016845703
7.337047100067139
7.328720569610596
7.320479869842529
7.332511901855469
7.325613021850586
7.33506965637207
7.32982873916626
7.337260723114014
7.336247444152832
7.3015241622924805
7.317554950714111
7.3293962478637695
7.337283134460449
7.329495429992676
7.334671974182129
7.336421489715576
7.337436199188232
7.333253860473633
7.335508346557617
7.336655139923096
7.337386131286621
7.304915428161621
7.32293176651001
7.333631992340088
7.3371500968933105
7.327020645141602
7.334338188171387
7.336550712585449
7.337504863739014
7.319943904876709
7.3289008140563965
7.334616661071777
7.3373637199401855
7.319372177124023
7.329123020172119
7.333913803100586
7.337132930755615
7.323495864868164
7.331876754760742
7.335277080535889
7.3373026847839355
7.318346977233887
7.329930782318115
7.3349714279174805
7.337245941162109
7.308801174163818
7.321861267089844
7.329681396484375
7.336378574371338
7.3300909996032715
7.335208892822266
7.336834907531738
7.337469100952148
7.330653190612793
7.3348069190979
7.3363542556762695
7.337460517883301
7.3308424949646
7.334074020385742
7.336280822753906
7.337308406829834
7.331453800201416
7.334679126739502
7.336698532104492
7.337486743927002
7.332925319671631
7.335549354553223
7.336690902709961
7.337383270263672
7.334303855895996
7.330766201019287
7.336004257202148
7.335400581359863
7.336819648742676
7.336481094360352
7.337364673614502
7.337357044219971
7.326921463012695
7.328794479370117
7.333310604095459
7.3336920738220215
7.33559513092041
7.336321830749512
7.337233066558838
7.337299346923828
7.329821586608887
7.334473609924316
7.336628437042236
7.337357521057129
7.335336685180664
7.334782600402832
7.336535930633545
7.336076736450195
7.337038993835449
7.336670875549316
7.337435722351074
7.337312698364258
7.326979637145996
7.33159065246582
7.3350830078125
7.337319850921631
7.321600914001465
7.327518939971924
7.332118511199951
7.33731746673584
7.32796049118042
7.333276748657227
7.336053848266602
7.337398529052734
7.317248344421387
7.325008869171143
7.333529949188232
7.3373212814331055
7.328512191772461
7.331777095794678
7.3355021476745605
7.337268829345703
7.325969696044922
7.33169412612915
7.3351311683654785
7.337311267852783
7.326409816741943
7.331872463226318
7.335859775543213
7.337335586547852
7.3236870765686035
7.332329750061035
7.335598945617676
7.337275981903076
7.331295967102051
7.335163116455078
7.336580276489258
7.337458610534668
7.3263840675354
7.319460391998291
7.331392765045166
7.32600212097168
7.335118293762207
7.332987308502197
7.337374210357666
7.337133884429932
7.332103729248047
7.324419021606445
7.335169792175293
7.332776069641113
7.336559772491455
7.336400985717773
7.337376594543457
7.337285041809082
7.321314811706543
7.3275556564331055
7.332269668579102
7.336453914642334
7.332364559173584
7.3325324058532715
7.333463668823242
7.333592891693115
7.335781097412109
7.335699558258057
7.3373565673828125
7.337389945983887
7.328579425811768
7.329117298126221
7.332171440124512
7.331043243408203
7.33443546295166
7.33253288269043
7.3372039794921875
7.337182521820068
7.3306565284729
7.328799247741699
7.333924293518066
7.3319926261901855
7.335880756378174
7.334510326385498
7.337275505065918
7.337264537811279
7.331108093261719
7.336108684539795
7.335305213928223
7.336767673492432
7.33680534362793
7.336999416351318
7.337499141693115
7.337348937988281
7.325555324554443
7.308357238769531
7.333463668823242
7.3290114402771
7.336363315582275
7.335381507873535
7.337427139282227
7.337425708770752
7.333657264709473
7.334133625030518
7.335710048675537
7.3361897468566895
7.336906909942627
7.336831092834473
7.3374714851379395
7.337439060211182
7.330230712890625
7.334342956542969
7.336655139923096
7.337440013885498
7.331897258758545
7.334850788116455
7.336379051208496
7.337282180786133
7.324276924133301
7.331428527832031
7.335024356842041
7.337166786193848
7.331663608551025
7.329432964324951
7.335344314575195
7.333780288696289
7.336328029632568
7.335818767547607
7.3373823165893555
7.337283134460449
7.327231407165527
7.332766532897949
7.335511684417725
7.3372039794921875
7.325320720672607
7.332714557647705
7.335751533508301
7.3373565673828125
7.314830303192139
7.3241753578186035
7.330360412597656
7.337093353271484
7.32737922668457
7.332609176635742
7.335867404937744
7.337385177612305
7.327498435974121
7.333292484283447
7.335744380950928
7.337342262268066
7.3185954093933105
7.3261613845825195
7.3310136795043945
7.336632251739502
7.308804035186768
7.325758934020996
7.332361698150635
7.336974143981934
7.3061699867248535
7.320492744445801
7.329606056213379
7.337352752685547
7.32785177230835
7.332666397094727
7.335958480834961
7.337314605712891
7.326606750488281
7.333571434020996
7.33602237701416
7.337386131286621
7.314849853515625
7.325305938720703
7.331374168395996
7.336342811584473
7.324617385864258
7.330994606018066
7.334577560424805
7.33718729019165
7.333617687225342
7.332906246185303
7.335514068603516
7.334321975708008
7.336460590362549
7.335046768188477
7.337414741516113
7.336442947387695
7.326013088226318
7.333337306976318
7.336324214935303
7.337416172027588
7.333359718322754
7.335890769958496
7.336892604827881
7.337432384490967
7.326779842376709
7.328747272491455
7.333686351776123
7.333121299743652
7.336320400238037
7.335590839385986
7.337406158447266
7.337141036987305
7.331338405609131
7.333942890167236
7.335049152374268
7.3362956047058105
7.336634159088135
7.3370161056518555
7.337416172027588
7.33749532699585
7.329009056091309
7.324249744415283
7.332456588745117
7.329043865203857
7.334914684295654
7.332224369049072
7.337137222290039
7.337095737457275
7.336606025695801
7.333434104919434
7.337087631225586
7.335474967956543
7.337371349334717
7.336679458618164
7.337512016296387
7.337478160858154
7.292693138122559
7.320928573608398
7.334610939025879
7.337491512298584
7.3070807456970215
7.321879863739014
7.331328868865967
7.336618423461914
7.299058437347412
7.325887203216553
7.334924221038818
7.3368144035339355
7.308549880981445
7.325161457061768
7.333836555480957
7.336270332336426
7.2909088134765625
7.317513465881348
7.332913398742676
7.3367204666137695
7.285604476928711
7.308540344238281
7.335274696350098
7.336884498596191
7.314600944519043
7.326190948486328
7.334578990936279
7.336789131164551
7.316431999206543
7.32798433303833
7.334537029266357
7.336945533752441
7.312744617462158
7.326733589172363
7.334394454956055
7.336622714996338
7.286855220794678
7.311334133148193
7.323697090148926
7.335682392120361
7.28618049621582
7.318238735198975
7.332484245300293
7.336328029632568
7.326650619506836
7.316713333129883
7.333166599273682
7.328412055969238
7.3356122970581055
7.333202362060547
7.337153434753418
7.336512565612793
7.3238067626953125
7.323738098144531
7.332516670227051
7.332186698913574
7.334970474243164
7.334404468536377
7.336193084716797
7.3362555503845215
7.3241777420043945
7.3297648429870605
7.333979606628418
7.337143421173096
7.314109802246094
7.327960968017578
7.33210563659668
7.336209297180176
7.329049587249756
7.325713634490967
7.333491325378418
7.332359790802002
7.336403846740723
7.335978031158447
7.3372344970703125
7.337261199951172
7.328636169433594
7.326516151428223
7.333658695220947
7.334008693695068
7.336085319519043
7.336408615112305
7.337137222290039
7.3371806144714355
7.325377941131592
7.331204891204834
7.334436416625977
7.337067127227783
7.2894158363342285
7.3074822425842285
7.320891857147217
7.33548641204834
7.327996253967285
7.331364154815674
7.334890365600586
7.336375713348389
7.329383373260498
7.334197044372559
7.336207866668701
7.337075710296631
7.3181891441345215
7.327414035797119
7.3335137367248535
7.337152481079102
7.293830394744873
7.315378665924072
7.333445072174072
7.336690425872803
7.295052528381348
7.318528652191162
7.328575134277344
7.3349456787109375
7.319876670837402
7.330319881439209
7.3342084884643555
7.337204456329346
7.307887554168701
7.3235554695129395
7.332766532897949
7.336151123046875
7.296337127685547
7.313403606414795
7.3263325691223145
7.335841655731201
7.315068244934082
7.324726581573486
7.333366394042969
7.336287975311279
7.30544376373291
7.318983554840088
7.330904960632324
7.335770130157471
7.307312965393066
7.327442169189453
7.334868907928467
7.336904048919678
7.3258514404296875
7.32282018661499
7.332668304443359
7.330766201019287
7.334866046905518
7.333693027496338
7.335832118988037
7.335925579071045
7.3119354248046875
7.321173667907715
7.326594352722168
7.329453945159912
7.335231304168701
7.3351640701293945
7.336761474609375
7.33632755279541
7.330636978149414
7.3274946212768555
7.334328651428223
7.334356307983398
7.336156368255615
7.336178302764893
7.337160587310791
7.337048530578613
7.324963092803955
7.332305431365967
7.336180210113525
7.336785316467285
7.323131561279297
7.307419300079346
7.330692768096924
7.324893951416016
7.335141658782959
7.333982467651367
7.336911201477051
7.336833477020264
7.325571060180664
7.325500965118408
7.330377101898193
7.332324028015137
7.333898067474365
7.334685325622559
7.3365960121154785
7.336695671081543
7.322661399841309
7.323651313781738
7.329288005828857
7.328810214996338
7.3332414627075195
7.332296848297119
7.336737155914307
7.336432456970215
7.32719612121582
7.310962200164795
7.333791255950928
7.325769901275635
7.335690021514893
7.333037376403809
7.336758613586426
7.33616304397583
7.318042278289795
7.32999324798584
7.333362102508545
7.3360114097595215
7.321958541870117
7.318466663360596
7.329777717590332
7.323478698730469
7.334216594696045
7.328036785125732
7.336297988891602
7.3336896896362305
7.294417858123779
7.310657501220703
7.322197437286377
7.335988521575928
7.312422275543213
7.3257880210876465
7.335449695587158
7.3367838859558105
7.323991775512695
7.331876754760742
7.335509300231934
7.336963176727295
7.281215667724609
7.305061340332031
7.328600883483887
7.335508823394775
7.302371501922607
7.3259596824646
7.3347978591918945
7.3370161056518555
7.307475566864014
7.319698333740234
7.328314304351807
7.336645126342773
7.3050432205200195
7.32055139541626
7.331379413604736
7.335472106933594
7.302591323852539
7.322710037231445
7.3323516845703125
7.336230278015137
7.311281204223633
7.32270622253418
7.333015441894531
7.336315155029297
7.305649757385254
7.316153049468994
7.327239036560059
7.333979606628418
7.320822715759277
7.330097198486328
7.335232257843018
7.3369598388671875
7.317726135253906
7.328963756561279
7.334264755249023
7.33697509765625
7.316835403442383
7.326968669891357
7.334809303283691
7.336845397949219
7.325580596923828
7.332589626312256
7.335714340209961
7.33725643157959
7.329308032989502
7.3329596519470215
7.335572719573975
7.337163925170898
7.329617977142334
7.321155548095703
7.334426403045654
7.328896999359131
7.336240768432617
7.335038661956787
7.337196350097656
7.337049961090088
7.320253372192383
7.323233604431152
7.3304243087768555
7.330010414123535
7.335705757141113
7.335896968841553
7.336709499359131
7.33684778213501
7.31927490234375
7.329684734344482
7.335903644561768
7.337174892425537
7.33054780960083
7.332925796508789
7.335572719573975
7.335036754608154
7.336819648742676
7.336380481719971
7.337259292602539
7.3370280265808105
7.319895267486572
7.328847885131836
7.333866596221924
7.335921764373779
7.310662269592285
7.327065467834473
7.332531452178955
7.336216926574707
7.319588661193848
7.328532695770264
7.334939002990723
7.337052345275879
7.298327922821045
7.3160786628723145
7.32747220993042
7.335946559906006
7.314878940582275
7.327538013458252
7.333527088165283
7.336099147796631
7.31027364730835
7.324101448059082
7.332176208496094
7.336093902587891
7.300045013427734
7.321732997894287
7.332588195800781
7.336602210998535
7.306431770324707
7.323034286499023
7.333666801452637
7.336437702178955
7.300685405731201
7.324713230133057
7.335142612457275
7.336935997009277
7.321965217590332
7.316230297088623
7.328330993652344
7.322754859924316
7.334734916687012
7.33251953125
7.336384296417236
7.3360819816589355
7.32216215133667
7.3159284591674805
7.330924034118652
7.326663017272949
7.335653781890869
7.335339546203613
7.336977958679199
7.3369951248168945
7.316969871520996
7.328428745269775
7.332512378692627
7.334987163543701
7.327747821807861
7.330827713012695
7.332913398742676
7.334014415740967
7.3360700607299805
7.336431980133057
7.336924076080322
7.337079048156738
7.322961330413818
7.327630043029785
7.331298351287842
7.33091926574707
7.334327697753906
7.333811283111572
7.336843490600586
7.336850643157959
7.322603702545166
7.325289726257324
7.332550048828125
7.330862045288086
7.335716247558594
7.334507942199707
7.3369975090026855
7.336735725402832
7.328125953674316
7.334075927734375
7.332283973693848
7.335974216461182
7.335713863372803
7.336788654327393
7.337213039398193
7.337331771850586
7.311628818511963
7.299784183502197
7.325162410736084
7.314133644104004
7.3324971199035645
7.329102993011475
7.336999416351318
7.336544513702393
7.328640460968018
7.329562664031982
7.333651542663574
7.333823204040527
7.336307048797607
7.3359503746032715
7.337148666381836
7.337088584899902
7.321719169616699
7.329202651977539
7.334962368011475
7.3368988037109375
7.326632499694824
7.334189414978027
7.3364338874816895
7.337182521820068
7.314625263214111
7.326809883117676
7.333375453948975
7.336103916168213
7.3236823081970215
7.322521209716797
7.3324480056762695
7.330843925476074
7.335407257080078
7.334227561950684
7.33685302734375
7.3365983963012695
7.299864768981934
7.320215702056885
7.33170223236084
7.33511209487915
7.306421279907227
7.3253889083862305
7.333305358886719
7.336806297302246
7.301908016204834
7.312195777893066
7.3233866691589355
7.33627986907959
7.315059661865234
7.327010631561279
7.3342156410217285
7.336557865142822
7.313737869262695
7.324650287628174
7.333016872406006
7.336381435394287
7.307124137878418
7.319760322570801
7.33099889755249
7.335520267486572
7.3011603355407715
7.314187049865723
7.332369327545166
7.335659027099609
7.285863876342773
7.310675621032715
7.322576999664307
7.33466911315918
7.309179782867432
7.326051712036133
7.334280490875244
7.336748123168945
7.30677604675293
7.329139709472656
7.33466100692749
7.336893081665039
7.304507732391357
7.318377494812012
7.3272223472595215
7.334135055541992
7.3183417320251465
7.325823783874512
7.3336358070373535
7.336188793182373
7.327524185180664
7.330711841583252
7.333343982696533
7.333761692047119
7.336223125457764
7.335302352905273
7.337116718292236
7.336146831512451
7.316509246826172
7.324977874755859
7.335108280181885
7.337193489074707
7.332196235656738
7.3350958824157715
7.336597919464111
7.337183952331543
7.326832294464111
7.316873550415039
7.330987930297852
7.329644203186035
7.335517406463623
7.333831310272217
7.336974620819092
7.3363518714904785
7.322760581970215
7.327330589294434
7.329505443572998
7.332904815673828
7.334343910217285
7.335460186004639
7.337202548980713
7.337303161621094
7.325669288635254
7.325169086456299
7.330842018127441
7.328972816467285
7.3348307609558105
7.333535671234131
7.336330413818359
7.335587501525879
7.334895610809326
7.323659420013428
7.336655139923096
7.33190393447876
7.3371381759643555
7.336015701293945
7.337416648864746
7.337125778198242
7.299026012420654
7.307637691497803
7.334908962249756
7.337045669555664
