7.337458610534668
7.336853504180908
7.335481643676758
7.333522319793701
7.330991744995117
7.33743953704834
7.336906909942627
7.335313320159912
7.332807540893555
7.328951358795166
7.337484359741211
7.337075710296631
7.3356733322143555
7.332973480224609
7.329402446746826
7.337453365325928
7.33667516708374
7.3350443840026855
7.332454681396484
7.32959508895874
7.337347507476807
7.33637809753418
7.331742286682129
7.323105335235596
7.318878173828125
7.337401866912842
7.336456298828125
7.334741115570068
7.332910060882568
7.330677032470703
7.3375163078308105
7.337287425994873
7.3362603187561035
7.3339338302612305
7.327907562255859
7.337507724761963
7.33724308013916
7.336528778076172
7.334123611450195
7.329123020172119
7.337521553039551
7.337384223937988
7.336915016174316
7.335905075073242
7.333386421203613
7.3367767333984375
7.333921432495117
7.330601692199707
7.32565450668335
7.320531368255615
7.337420463562012
7.336799144744873
7.3353590965271
7.331910133361816
7.3263258934021
7.337531566619873
7.337430953979492
7.337201118469238
7.336371898651123
7.335244655609131
7.337540626525879
7.337424278259277
7.337093830108643
7.336213111877441
7.334054946899414
7.337244033813477
7.3356614112854
7.332118988037109
7.329082489013672
7.323877811431885
7.337457180023193
7.337146759033203
7.3363776206970215
7.335119247436523
7.332057952880859
7.337492942810059
7.33713960647583
7.336565971374512
7.3351054191589355
7.332573890686035
7.33748722076416
7.337090492248535
7.3361406326293945
7.33409309387207
7.33104944229126
7.337376594543457
7.33627986907959
7.334150314331055
7.3315935134887695
7.325139999389648
7.337319374084473
7.336400032043457
7.334085941314697
7.331687927246094
7.3264594078063965
7.337472438812256
7.337143898010254
7.335506439208984
7.3325605392456055
7.328889846801758
7.3374152183532715
7.336685657501221
7.335227012634277
7.334078788757324
7.3303375244140625
7.337461471557617
7.337261199951172
7.336320877075195
7.331867218017578
7.323206901550293
7.337427139282227
7.336587905883789
7.332505702972412
7.32094669342041
7.309875965118408
7.33692741394043
7.329802989959717
7.323291301727295
7.319743633270264
7.315221786499023
7.337375640869141
7.336484909057617
7.333016872406006
7.327820301055908
7.31919527053833
7.336847305297852
7.3346476554870605
7.3315019607543945
7.329103469848633
7.324477672576904
7.3374834060668945
7.337214946746826
7.33662223815918
7.334538459777832
7.330407619476318
7.337181091308594
7.335522174835205
7.333746433258057
7.331497669219971
7.328392028808594
7.337484836578369
7.337146759033203
7.335809707641602
7.3329572677612305
7.328828811645508
7.337397575378418
7.336893081665039
7.334018230438232
7.330230236053467
7.324635028839111
7.337240695953369
7.336390495300293
7.33317756652832
7.318053722381592
7.258030891418457
7.336879253387451
7.335389614105225
7.330496311187744
7.3123579025268555
7.202592372894287
7.3370442390441895
7.335617542266846
7.330031871795654
7.303075313568115
7.183347702026367
7.337292671203613
7.336515426635742
7.333162784576416
7.3176655769348145
7.259957790374756
7.336509704589844
7.333242893218994
7.313915252685547
7.269232273101807
7.18087100982666
7.337242126464844
7.33640193939209
7.333657264709473
7.320465087890625
7.286191940307617
7.3374152183532715
7.337040901184082
7.335631370544434
7.327329158782959
7.24275016784668
7.337105751037598
7.335810661315918
7.330395221710205
7.314042091369629
7.280211925506592
7.3372697830200195
7.3364715576171875
7.332693576812744
7.310942649841309
7.2579874992370605
7.3365583419799805
7.3331732749938965
7.3196916580200195
7.292306900024414
7.223710536956787
7.335856914520264
7.328805923461914
7.297411918640137
7.2463059425354
7.198695182800293
7.337471008300781
7.33723783493042
7.336551189422607
7.334562301635742
7.326570987701416
7.3373026847839355
7.336613178253174
7.334264755249023
7.326053619384766
7.2887983322143555
7.336722373962402
7.333584785461426
7.3182220458984375
7.285268783569336
7.194469928741455
7.337202548980713
7.336338043212891
7.333695411682129
7.325323104858398
7.29610013961792
7.337411880493164
7.337024211883545
7.335954666137695
7.332652568817139
7.3205060958862305
7.33700704574585
7.3355021476745605
7.328813552856445
7.302614212036133
7.246258735656738
7.336653232574463
7.334029197692871
7.321405410766602
7.278525352478027
7.217973709106445
7.336831092834473
7.334795951843262
7.327860355377197
7.307112216949463
7.215526580810547
7.337056636810303
7.335602760314941
7.328832626342773
7.3014116287231445
7.220820903778076
7.337334156036377
7.336810111999512
7.335134029388428
7.327432632446289
7.289495944976807
7.336706161499023
7.333616733551025
7.325341701507568
7.3028974533081055
7.240872383117676
7.336409568786621
7.333258152008057
7.316446304321289
7.273255825042725
7.248250484466553
7.33305549621582
7.315361499786377
7.26632022857666
7.217794418334961
7.183248043060303
7.337284564971924
7.336548328399658
7.33280086517334
7.301180362701416
7.211760520935059
7.336421012878418
7.33240270614624
7.31807279586792
7.28634786605835
7.228139877319336
7.337335586547852
7.336804389953613
7.335161209106445
7.328046798706055
7.301616668701172
7.336735725402832
7.333552837371826
7.313895225524902
7.27938985824585
7.225931167602539
7.3371477127075195
7.336232662200928
7.332148551940918
7.317075252532959
7.275561332702637
7.336745262145996
7.3344221115112305
7.325742244720459
7.283258438110352
7.205511093139648
7.337209701538086
7.335890769958496
7.332846641540527
7.324758052825928
7.308751106262207
7.336808681488037
7.334644317626953
7.329447269439697
7.31491756439209
7.29978084564209
7.337121486663818
7.335882186889648
7.3323140144348145
7.3224778175354
7.3098649978637695
7.337014675140381
7.336036205291748
7.332842826843262
7.324500560760498
7.313225746154785
7.336977005004883
7.334433078765869
7.329462051391602
7.3156585693359375
7.300274848937988
7.337009429931641
7.3354597091674805
7.332006454467773
7.326849460601807
7.313381671905518
7.337349891662598
7.336643218994141
7.334133148193359
7.325679779052734
7.315053939819336
7.337378978729248
7.3369245529174805
7.335075855255127
7.327738285064697
7.317085266113281
7.337398529052734
7.336841106414795
7.334527492523193
7.330223083496094
7.3196539878845215
7.335712432861328
7.3313775062561035
7.321741104125977
7.309272766113281
7.292767524719238
7.3371076583862305
7.335060119628906
7.329098224639893
7.314055442810059
7.300688743591309
7.337423801422119
7.3370256423950195
7.33518123626709
7.329539775848389
7.3207783699035645
7.337371349334717
7.336696147918701
7.333093166351318
7.326357364654541
7.310992240905762
7.336664199829102
7.334543704986572
7.3296918869018555
7.318173408508301
7.301873683929443
7.337186336517334
7.335853576660156
7.331323623657227
7.323779106140137
7.314342021942139
7.337327003479004
7.3360915184021
7.332614898681641
7.323208332061768
7.3140153884887695
7.3373026847839355
7.336519718170166
7.334251880645752
7.327138423919678
7.316060543060303
7.337146759033203
7.335229396820068
7.331370830535889
7.323979377746582
7.309458255767822
7.336833477020264
7.334949016571045
7.330738067626953
7.320641040802002
7.309159755706787
7.3372063636779785
7.336193561553955
7.333008289337158
7.324440002441406
7.311368942260742
7.336945056915283
7.334910869598389
7.329530239105225
7.320058345794678
7.308342933654785
7.337378025054932
7.3367815017700195
7.333721160888672
7.3246073722839355
7.3116631507873535
7.337209701538086
7.335716247558594
7.330781936645508
7.318361759185791
7.30218505859375
7.334468364715576
7.326630115509033
7.316092491149902
7.294525146484375
7.268869400024414
7.336966514587402
7.334784984588623
7.328479766845703
7.314236640930176
7.304746627807617
7.3361711502075195
7.333174705505371
7.327157497406006
7.318636894226074
7.301017761230469
7.337313652038574
7.335699081420898
7.332165718078613
7.323180198669434
7.310598850250244
7.336916923522949
7.3354692459106445
7.3311920166015625
7.323659420013428
7.310779094696045
7.337274074554443
7.336421012878418
7.3338518142700195
7.328683376312256
7.316622734069824
7.337164878845215
7.336386203765869
7.33216667175293
7.324650287628174
7.310998916625977
7.337408065795898
7.337212085723877
7.335679531097412
7.327102184295654
7.311341762542725
7.337390899658203
7.336555480957031
7.331264495849609
7.320758819580078
7.2869181632995605
7.337390899658203
7.3367767333984375
7.334025859832764
7.30488395690918
7.276883602142334
7.337467193603516
7.337001800537109
7.33494234085083
7.316168785095215
7.307285785675049
7.337423324584961
7.336656093597412
7.327642440795898
7.311692714691162
7.260918140411377
7.337478160858154
7.336947917938232
7.335472583770752
7.330531597137451
7.311735153198242
7.33746337890625
7.337227821350098
7.335859298706055
7.329415321350098
7.310374736785889
7.337448596954346
7.337150573730469
7.335331916809082
7.3196940422058105
7.304940700531006
7.33750581741333
7.337027549743652
7.3344621658325195
7.323037147521973
7.3073225021362305
7.337366104125977
7.336510181427002
7.317840576171875
7.299585342407227
7.284512519836426
7.337437152862549
7.335684776306152
7.326923370361328
7.276998996734619
7.266112327575684
7.337473392486572
7.337405681610107
7.336887836456299
7.334052085876465
7.325230598449707
7.337477207183838
7.337132930755615
7.334723472595215
7.327332019805908
7.2720746994018555
7.337296962738037
7.335604667663574
7.320470333099365
7.303603172302246
7.281299114227295
7.337430000305176
7.337125301361084
7.336124897003174
7.332331657409668
7.3152174949646
7.337454319000244
7.337319374084473
7.336395263671875
7.3330078125
7.321958065032959
7.337398052215576
7.33659553527832
7.33448600769043
7.329447269439697
7.300920009613037
7.337434768676758
7.336589813232422
7.329437732696533
7.300930023193359
7.241919994354248
7.337217807769775
7.335970401763916
7.332917213439941
7.317194938659668
7.262296199798584
7.337453365325928
7.337122917175293
7.334141731262207
7.324617385864258
7.296638011932373
7.337475299835205
7.336834907531738
7.335501194000244
7.326185703277588
7.3123087882995605
7.3374810218811035
7.336769104003906
7.332487106323242
7.309324741363525
7.245568752288818
7.337329864501953
7.336573600769043
7.3333635330200195
7.317460536956787
7.299065113067627
7.33596658706665
7.32761287689209
7.2924723625183105
7.276053428649902
7.276053428649902
7.337477684020996
7.337430953979492
7.335035800933838
7.321777820587158
7.302838325500488
7.337316036224365
7.334107875823975
7.308647155761719
7.299692153930664
7.274592399597168
7.337442874908447
7.337111949920654
7.3350419998168945
7.3282647132873535
7.320130348205566
7.3373847007751465
7.3358001708984375
7.320450305938721
7.280986309051514
7.262931823730469
7.337462902069092
7.337227821350098
7.336034297943115
7.323172092437744
7.304451942443848
7.337437152862549
7.336905479431152
7.33289098739624
7.314820289611816
7.25658655166626
7.337465286254883
7.3368730545043945
7.333789825439453
7.319770812988281
7.274918556213379
7.337143421173096
7.334761619567871
7.326439380645752
7.307172775268555
7.213442325592041
7.3373122215271
7.335921287536621
7.32924747467041
7.300799369812012
7.208045482635498
7.3372368812561035
7.335395812988281
7.331174850463867
7.316872596740723
7.2731733322143555
7.337078094482422
7.334407806396484
7.323061943054199
7.293491363525391
7.25156831741333
7.337396621704102
7.336839199066162
7.334468364715576
7.325228691101074
7.296762943267822
7.337493896484375
7.3370537757873535
7.334522724151611
7.323444843292236
7.263803482055664
7.337489604949951
7.336863994598389
7.33310604095459
7.319591045379639
7.292082786560059
7.337494850158691
7.336946487426758
7.3317060470581055
7.315213680267334
7.277342796325684
7.336593151092529
7.332126140594482
7.320308685302734
7.294102668762207
7.245841026306152
7.337304592132568
7.3333821296691895
7.314420223236084
7.2681379318237305
7.219238758087158
7.337512969970703
7.337284088134766
7.3353986740112305
7.329762935638428
7.314085006713867
7.337503910064697
7.337029457092285
7.333775997161865
7.323840141296387
7.2884321212768555
7.336181163787842
7.33295202255249
7.321549415588379
7.293210029602051
7.245669364929199
7.337456226348877
7.336886405944824
7.334620475769043
7.326923370361328
7.294906139373779
7.3374857902526855
7.33708381652832
7.335129261016846
7.328691005706787
7.314998626708984
7.337408065795898
7.335783004760742
7.330828666687012
7.303717613220215
7.272261619567871
7.337264537811279
7.334036350250244
7.322198390960693
7.291647434234619
7.246427059173584
7.336707592010498
7.334596157073975
7.327455043792725
7.313257217407227
7.243936538696289
7.337405681610107
7.336548805236816
7.331343173980713
7.309331893920898
7.247747898101807
7.337363243103027
7.336074352264404
7.331496715545654
7.320856094360352
7.295156002044678
7.3374552726745605
7.336297988891602
7.327144145965576
7.305283546447754
7.266663074493408
7.337334632873535
7.335525989532471
7.3269219398498535
7.296764373779297
7.264785289764404
7.334426403045654
7.326006889343262
7.290405750274658
7.25508451461792
7.2427496910095215
7.337339878082275
7.335657596588135
7.331300258636475
7.312139987945557
7.245169639587402
7.336477279663086
7.332632541656494
7.320584774017334
7.290752410888672
7.233219623565674
7.33742618560791
7.3362531661987305
7.331643581390381
7.319046974182129
7.2995195388793945
7.336862564086914
7.334399223327637
7.318180084228516
7.291797637939453
7.245408058166504
7.337457656860352
7.336919784545898
7.334329128265381
7.3197407722473145
7.288463592529297
7.337369918823242
7.336151123046875
7.328376293182373
7.295355319976807
7.234781265258789
